-0.0616
0.6973
0.3615
-0.7407
0.4884
0.5284
0.3516
-0.7651
0.3717
-0.1734
0.138
-0.7714
0.5569
0.0536
0.508
0.7535
-0.8925
0.0245
0.5788
-0.5763
-0.6186
0.4981
-0.7643
-0.4147
0.9212
0.2206
-0.4094
0.364
0.5353
-0.1315
0.9463
-0.0519
0.2625
0.1138
0.2136
-0.0054
-0.8015
0.828
-0.5722
0.845
-0.2687
-0.8619
0.1571
0.6917
-0.2889
-0.0137
-0.1596
0.4189
0.6403
0.4832
0.0203
0.82
0.1797
0.5112
-0.6295
-0.4873
0.7425
-0.5102
0.8309
-0.3162
0.9675
-0.2754
-0.3811
-0.9627
-0.3328
-0.4058
-0.119
-0.848
-0.2596
0.965
-0.2982
-0.4182
-0.6547
0.7348
-0.903
0.7587
0.6187
-0.7336
0.466
-0.1038
0.5596
-0.2882
0.7385
-0.5511
-0.3514
-0.0067
-0.4686
0.6478
-0.3467
0.5613
-0.7322
-0.9917
-0.5416
0.6759
0.8134
-0.991
-0.2295
0.2163
-0.3554
0.8989
0.5932
0.3203
-0.8563
-0.6563
0.9101
0.1038
-0.3603
-0.5757
0.3822
0.2454
0.1108
-0.9132
0.7135
0.0366
-0.3597
-0.2387
0.227
-0.6499
-0.3218
-0.5151
0.4391
0.931
0.0786
-0.9225
-0.832
0.5132
-0.2886
0.7805
0.293
-0.3725
-0.8988
-0.8282
-0.3604
0.3333
-0.0172
-0.0727
0.3839
-0.8938
-0.8412
0.9992
-0.83
0.8321
0.3908
0.426
0.6915
-0.2843
-0.2034
-0.1075
-0.7436
0.1355
0.0646
-0.6865
0.5539
-0.7458
-0.3928
0.3907
-0.5022
0.4476
0.2505
0.8684
0.7652
0.1826
0.3599
-0.7981
0.8487
-1.0026
-0.5536
-0.1744
0.945
-0.1969
0.1071
0.8409
0.4499
-0.1168
1.0075
0.7201
-0.7172
-0.7076
-0.1952
-0.6602
0.5443
-0.2265
0.0051
-0.5996
0.213
-0.0416
1.1296
0.3369
-0.1873
1.1309
-0.6884
0.3763
0.5884
-0.8759
0.2413
-1.0898
-0.7538
-0.6669
-0.1225
-0.0672
0.6386
0.159
0.4096
-0.6494
0.7413
-0.0809
0.1784
0.096
-0.1354
-0.0546
0.5162
0.7073
-1.1051
-0.8487
0.5922
0.2435
0.0409
-0.8334
-0.7966
0.7057
-0.174
0.5111
-0.1167
0.3965
1.1667
-0.251
0.4994
-1.111
0.3858
1.0146
0.3463
-0.5578
-0.7189
-0.7849
-0.0164
-0.0308
-0.295
-1.0596
0.8096
0.5999
0.3861
0.1912
0.5192
0.3304
1.0003
0.4176
0.3667
-0.0543
0.4076
0.2166
-0.3037
-0.1611
0.354
-0.1565
0.1222
-0.5044
0.0288
-0.1567
0.4922
0.1888
0.9618
0.8408
-1.1771
-0.2864
-0.022
0.591
0.661
-0.7776
0.5538
0.3848
0.7192
-0.8215
0.206
0.1813
0.9235
0.9734
-0.4633
-0.2778
-0.1926
0.9703
-0.5103
-0.5324
-0.9116
-0.5964
0.5538
0.7431
0.8589
0.4402
-0.8815
0.4534
0.3308
0.8924
-0.005
-0.2347
-0.1091
-0.7564
-0.4792
-0.0226
0.8712
0.1109
-0.3254
-0.0968
0.7986
-0.3322
0.8716
0.3973
0.5105
0.6597
-0.6259
0.8295
-0.8466
-0.8238
0.1451
0.205
0.8798
-0.3865
0.4808
0.4609
-0.9509
0.9328
-0.2161
0.7411
0.2366
-0.2737
0.1933
0.2194
-0.3196
-0.8238
0.5657
-0.4363
-0.6191
0.9557
0.1607
0.1107
-0.0909
0.1054
-0.1131
-0.4522
0.6267
-0.5728
-0.5198
0.5174
-0.9322
-0.8281
0.9236
0.7523
-0.7113
0.6447
-0.8961
0.2927
-0.221
0.7047
0.0579
0.2429
-0.2706
0.8703
-0.7574
0.4222
0.0092
-0.7547
-0.4673
-0.7978
0.6257
0.731
0.0341
-0.5915
-0.295
-0.9496
0.327
1.0969
-0.2627
0.5357
-0.9337
0.5166
0.5076
0.9357
0.1613
-0.032
-0.5567
1.1086
-0.7466
0.9785
-0.2529
-0.3292
0.6944
-0.0645
0.5918
-0.7566
0.8613
1.2063
0.7219
-0.4316
-0.9637
-0.1147
0.6207
0.8854
0.1484
-0.8858
0.0576
0.7983
-0.1204
0.9951
-0.7353
-0.2278
1.0955
0.8149
0.2608
0.8588
0.3616
0.077
-0.0832
-0.3413
0.9673
0.5756
0.0853
-0.2664
0.6041
0.9176
0.791
-0.6291
0.5067
0.9682
0.3166
0.6859
0.7875
-0.4494
0.7151
0.5486
0.5462
-0.6649
-0.8168
-0.3256
-0.007
0.2493
-0.0438
0.9149
0.0694
-0.1823
0.1979
0.5748
-0.8471
0.1937
0.5406
0.9947
-0.4023
0.3145
0.3838
-0.5212
0.1544
-0.7238
0.644
0.6171
0.4831
0.5886
-0.034
0.6797
0.4404
-0.2411
-0.5156
0.2718
0.5582
-0.4852
0.1742
-0.1707
1.2671
0.0708
-0.4087
-0.755
-0.6825
0.3253
0.4637
-0.155
-0.0784
0.0928
0.1903
-0.6708
-0.6245
0.8305
0.3564
-0.7834
-0.6182
0.4814
-0.0361
0.5199
0.718
-0.6147
0.6579
0.4392
-0.2929
0.8595
-1.0078
0.4584
-0.473
0.81
0.2622
0.635
-0.6492
0.5174
0.3257
1.1251
0.7281
-0.0997
0.0285
0.7295
-0.0918
-0.9428
0.2699
-0.4333
-0.3285
0.6265
-0.6828
-0.2335
0.8779
-0.9356
-0.6879
-0.8257
0.3593
-0.8245
-0.3963
0.5588
-0.8407
0.6215
-0.8207
-0.7426
-0.5899
-0.699
0.7329
0.189
-0.294
0.1567
-0.6828
-0.2326
-0.9367
0.0284
0.1659
0.7608
0.0204
-0.4243
-0.8026
0.6544
-0.4091
0.3573
0.6697
-0.3773
-0.4945
-0.877
-0.1064
-0.7037
0.699
1.065
0.5709
0.19
0.5469
-0.2639
0.0278
-0.633
-0.1855
0.3117
-0.2839
0.2659
-0.8411
0.2075
0.5179
0.1913
-0.2603
-0.7975
-1.5081
0.9262
-0.6476
-0.1618
-1.0886
0.2068
-0.4393
0.262
-0.2556
0.6343
0.1301
0.2977
0.0321
-0.7757
0.4321
-1.0761
0.9047
-1.0159
0.5408
-0.4694
0.9057
-0.6657
-0.5765
0.6991
0.2569
-0.4435
0.9814
-0.5369
0.7845
0.321
0.2245
-0.9561
-0.5988
0.5515
-0.0563
0.1829
-0.7947
-0.2022
-0.4934
0.2562
0.7756
-0.19
-0.1677
0.2781
-0.2747
-0.9926
-0.6334
0.883
-0.5426
0.1217
-0.0968
0.1399
0.0655
-0.2812
0.2109
0.5051
-0.4215
-0.3514
0.9249
-1.1108
0.8877
0.7788
0.6147
0.1128
0.4845
0.6015
0.7642
-0.6924
-0.67
0.4988
-0.8414
0.3306
0.8293
-0.0808
0.1269
-0.5132
-0.985
0.3732
-0.3259
0.3161
0.6462
0.1972
-0.9654
0.9364
0.0327
0.8625
0.5717
0.407
-0.6416
-0.4085
-0.8177
-0.1666
0.1144
0.0284
-0.7502
0.6916
-0.7768
-0.7174
0.2164
-0.7098
-0.0273
0.389
0.1059
0.2472
-0.781
-0.1861
-0.2842
0.6418
-0.0792
0.907
0.8199
0.0415
-0.6601
0.1368
0.4206
0.5885
0.0588
0.2126
-0.6652
-1.2952
0.4508
0.9615
0.7043
-0.1981
0.074
-0.0859
-0.7437
0.7267
-0.5388
-0.8109
0.111
-0.9693
-0.2784
0.363
-0.2532
-0.4258
0.6835
0.357
-0.4991
-0.6618
-0.7573
0.6899
-0.6537
0.382
-1.2461
-0.2194
-0.5625
1.0459
-1.0732
-0.4114
-0.6221
-0.8862
-0.9541
0.6412
0.617
0.2804
0.0377
0.9272
0.3389
-0.3971
0.6858
0.5435
-0.8867
-0.3535
0.7294
-0.4819
0.3877
-0.2015
-0.5345
-0.5751
-0.0445
0.2568
-0.821
0.5273
-0.3389
1.2444
0.2348
0.5915
-0.4797
-0.4535
-0.6468
0.7433
0.5609
0.8143
0.6254
0.2092
-1.0801
-1.0562
-0.1845
0.6293
1.0513
0.3639
0.2016
0.2876
0.3343
0.9015
0.2819
-0.4733
0.3236
0.0044
1.164
-0.8396
0.4875
-0.1794
-1.017
0.6341
-0.562
-0.9093
0.4078
-0.1759
0.384
0.0965
0.3888
-0.0644
-0.7833
-0.5697
0.2734
-0.0211
-0.0951
0.6665
0.8128
-0.5413
0.1849
-0.027
1.1514
-0.7383
-0.9741
0.1409
0.4917
-0.566
0.5109
0.7355
0.6013
1.1969
-0.3847
-0.6173
-0.163
0.1635
0.7522
0.5408
0.1611
0.282
0.1473
-0.6587
0.395
0.8298
0.8408
-0.5767
-0.1708
-0.4904
0.9788
0.6995
-0.6249
-0.3793
-0.9185
-0.1194
0.2482
0.1263
0.9532
-0.1468
-0.9393
0.3801
0.5755
-0.0406
0.073
-0.8578
0.197
-0.0157
-0.8479
0.3786
-0.8464
-0.2953
-0.1391
-0.9
0.9328
-0.5781
0.8669
0.2208
0.8785
-1.1031
-0.8353
0.7083
0.1381
-0.6348
-1.1967
0.1581
-0.3696
-0.476
0.8428
0.3795
-0.2351
-0.0378
-0.6644
0.5625
0.814
-0.5293
0.3182
-0.2738
0.4786
0.2365
-0.473
-0.5515
-0.106
0.4003
-0.1162
-0.5327
-0.7815
0.755
-0.8576
1.0071
0.0126
0.1081
-0.6098
0.6281
0.6575
0.1104
0.1157
0.9406
-0.193
0.0228
-0.3986
-0.1291
-0.5764
1.1543
0.7365
0.1868
-0.3943
-0.8183
0.8985
0.5922
-0.3936
-0.3538
-0.131
-0.2258
-0.1256
-0.2002
0.4459
0.2827
0.8752
-0.4184
0.5162
-0.5991
0.4721
0.9712
-0.7345
-0.1771
0.7715
-0.1275
-0.0524
0.4877
-0.0797
-0.06
-1.4127
-0.4047
0.5731
0.8884
-0.5154
-1.0905
-1.0929
0.8109
-0.0598
0.8589
-0.8829
-0.272
-0.6471
-0.7018
0.9013
0.6238
0.4228
0.3707
0.3142
-0.1343
0.1675
-0.0582
-0.0077
0.7589
-0.8978
0.1744
-0.3029
0.7677
-1.0596
-0.9616
-0.3709
-1.0817
0.666
0.3054
-1.0519
-0.4827
-0.7571
0.003
0.9479
-0.4138
-0.7245
-0.9893
-0.0871
-0.9448
-0.6953
0.8967
-0.6373
-0.5366
-0.9112
-0.4123
-0.5744
0.5736
-1.2418
-1.4048
-0.9413
0.138
-0.1944
0.1053
0.2874
0.4369
-0.9773
-0.7306
-0.2965
-0.7281
0.7618
0.2001
-0.2567
-0.6242
-0.2048
-0.6793
0.7685
-0.6655
-0.7207
-1.5523
-0.9939
-0.8027
-0.5715
0.3978
0.2076
0.8077
-0.1796
-0.9473
0.6046
-0.6452
-0.3078
-0.9738
-0.5784
-0.8851
0.5424
0.5026
-0.4184
-0.6334
0.558
-0.6532
-0.4855
0.3184
-0.1839
0.1131
-0.6597
0.6594
-0.4546
-1.2118
0.0958
-0.2489
0.4193
-0.1022
-0.3707
-0.2392
-1.1134
-0.0269
-0.6214
-0.4403
0.1386
1.3903
-0.1586
0.1563
-0.8445
0.9375
-0.3724
-0.1059
1.2289
-0.796
0.7889
0.7627
-0.5626
0.0907
0.3149
-0.1467
-1.544
-0.56
-0.1621
0.3355
-0.3884
-0.5716
0.6369
1.3885
1.4388
-1.0996
0.5958
-0.8326
-0.2826
1.115
-0.3233
0.2705
-2.149
0.2346
0.7811
1.1256
-0.0717
-0.0405
-0.1536
0.3448
0.3819
1.0953
-0.784
0.144
-0.9876
1.1751
-0.55
-0.2703
0.4595
-0.2592
0.1453
0.233
0.1485
-0.567
-0.8449
0.3634
0.7069
-0.62
0.0671
0.3061
-0.3867
-0.7109
-0.4468
-0.8395
-0.1519
-0.3242
0.5842
-0.5054
-0.1116
-0.2677
-1.0534
0.3274
0.4138
-0.3744
-0.9882
-1.3774
-1.3766
0.0774
0.6172
-0.0025
-0.3539
-0.3109
0.9006
-0.3142
0.5615
0.4935
0.7681
0.7476
0.1469
-0.288
-0.9514
0.4428
0.983
-0.7129
-0.0642
0.0616
-1.0284
-0.0121
0.5765
0.0679
-0.8616
-1.3316
0.3827
-0.2853
-0.4976
-0.9
-0.8362
0.5625
1.2302
0.0522
-1.184
0.103
-0.1047
0.141
-1.0589
-1.4204
-1.2727
-0.1155
-0.9727
-0.7831
0.4958
-0.8524
0.0094
0.5988
0.4626
0.649
0.4202
-0.4701
0.2639
-0.3047
-1.8139
0.0129
0.3717
-1.6626
0.441
-1.3641
0.1635
0.7255
-1.5948
0.2181
-2.2415
0.8983
-0.5187
-0.2225
-0.2703
-1.0419
0.8054
-1.3267
0.8932
-0.7522
-0.7078
-0.145
-1.3772
0.2687
0.0594
0.4387
-0.0589
-1.414
1.1695
1.0123
0.4054
-0.3871
-0.2438
0.5953
0.0493
-0.67
0.2107
-0.0109
-0.7482
-0.5133
-0.1423
0.1824
1.045
0.2897
0.5279
-0.4364
-0.1371
-0.4672
1.2872
0.8179
0.4931
-0.2658
-0.2591
0.3422
-0.6845
-0.4216
0.3207
-0.6451
-0.4094
-0.7712
1.3666
0.1134
0.2391
-1.2255
0.3547
1.7744
0.418
-0.3115
-1.4374
0.584
0.2785
0.1067
-0.2058
1.0912
-0.7077
0.651
0.086
-0.5814
-0.2975
0.4116
-0.4553
-0.4538
-0.5806
1.0391
0.5279
-0.7914
0.1844
0.3931
0.3916
0.6124
-0.4608
-0.7946
0.5555
-0.1886
0.6104
0.0913
-0.9285
0.7024
-0.7872
-0.6288
-0.4442
-0.171
-0.6998
-0.0885
-0.3454
-1.2005
-0.7697
-0.6171
0.4538
-0.5824
-0.3389
0.3387
-0.1394
-0.6575
-0.9698
0.422
-1.2244
-0.7339
0.1441
-1.0706
-0.6406
-0.322
-0.1588
-0.1746
-0.0038
-0.8649
-0.4318
-0.4526
1.0756
0.3083
-0.0539
0.7099
0.5945
-0.434
-0.2805
-0.4226
0.262
0.346
-1.0754
-0.5888
-1.0814
-0.5794
-0.255
-0.2505
-0.5354
-0.2668
-0.7905
0.3866
0.233
0.1419
0.1213
-1.0667
1.5392
0.1069
-0.4193
-1.4145
1.9133
-0.588
-0.2857
0.7902
-0.9805
-0.0151
-1.2974
0.4289
-0.1318
-0.0867
-1.0829
-0.7381
1.2409
-0.1742
0.5428
-1.0581
-1.2547
0.675
0.4782
0.5045
-0.2224
-0.8505
0.9046
-1.1454
0.9704
-0.5587
-1.2703
0.3805
-1.4758
1.8029
0.5398
0.0933
0.2143
-1.239
1.194
0.4263
-0.2795
-1.1394
-1.1265
0.8003
1.0181
0.223
-0.3359
-0.6177
-0.4595
-0.9949
-0.7833
1.0555
-0.7006
0.3876
-0.1464
0.6382
-0.7573
-0.0271
0.0641
0.5299
-0.0495
0.8445
0.2632
-0.9112
0.4188
0.3329
0.8038
0.3426
-0.7725
-0.8251
0.099
0.2367
-0.0861
-0.1377
-0.9418
0.3261
0.0372
-0.2792
0.4656
-0.0974
-0.7948
0.5307
-0.5391
0.0927
-0.2803
-0.7451
-0.3667
0.9757
0.2099
-0.9058
0.237
-0.4467
0.5479
0.1337
-0.6935
0.5789
0.3581
-0.6975
-0.0585
-0.2732
-0.3011
-0.639
-0.2854
-1.1231
-0.5678
0.1925
-0.8972
-1.0058
-0.353
-1.2634
0.4924
-0.3737
-0.0063
-0.2718
-1.5111
0.5211
-1.2436
0.9466
-0.5357
0.1903
0.4231
0.8233
-0.9927
-0.3927
-1.6588
0.1864
0.7085
-0.4032
-2.4075
0.3692
-0.8409
1.1867
-1.0875
-0.1431
0.2728
-0.4776
-1.083
-1.5152
-1.0457
-0.2078
0.502
-0.7669
0.0426
-0.1722
-0.3735
-0.0641
-1.5659
1.566
-0.3839
1.2833
-0.8157
0.8075
1.9593
-0.4115
-1.3041
-0.118
0.8268
-0.39
0.3527
-1.1405
0.69
0.4167
-0.287
-1.2103
-0.5594
0.6734
-0.3773
0.0327
0.7142
0.6492
-1.5261
1.1903
-0.8023
0.3034
0.2327
-1.366
-0.3603
-1.2696
-0.4398
0.1941
-0.5817
-0.2671
0.2098
0.339
1.2729
0.0779
1.1179
0.5998
-0.2782
0.5946
0.0877
1.2924
-0.33
0.2462
0.2902
1.7831
-0.6464
0.5068
-0.1768
-1.1179
0.4446
0.0572
0.3277
0.1803
0.3195
0.8013
0.0514
-0.306
-1.3677
0.0292
-0.042
0.2044
-0.3551
-0.4123
-0.6216
1.1207
-1.1256
0.6905
-0.8689
-0.0353
-0.1968
0.6693
0.7131
0.5982
-0.2585
-0.6973
0.6358
0.0626
0.2888
-0.3859
0.0851
-0.7101
0.2165
0.2848
0.8632
0.5662
0.4597
-1.2375
-0.5949
0.7579
0.9
-0.64
-0.2221
-0.4426
-1.0375
0.4054
0.1196
0.2697
-0.1366
-0.0064
-0.2304
-0.0563
0.6915
-0.6588
-0.7181
1.3838
-0.1144
0.7659
0.2125
-1.0125
-0.2276
0.5649
-0.3555
-0.7003
-0.6822
-0.0487
0.0394
-0.1545
-1.1822
-0.8352
-0.556
0.6371
-1.6211
-1.0693
-0.0893
1.4556
-3.246
-2.1554
-0.8076
1.5338
-2.2387
1.3139
-0.2823
-0.0769
1.3013
-1.5576
1.0041
-0.6657
-0.333
0.5136
-1.3787
1.4606
-0.1462
-1.108
-1.8171
-0.7369
0.3726
-0.734
0.2201
-1.1181
-1.0805
2.0474
-1.0038
-1.0349
-0.5223
0.94
0.5201
-0.3335
-0.0977
-0.9152
2.169
-1.7873
-0.2023
-1.0838
0.465
0.5904
-1.655
-0.8409
0.3495
-1.3569
-0.1933
1.7367
-0.4853
-0.87
-1.1963
1.0938
-0.2825
0.0303
-0.1468
0.4767
-0.1641
-0.031
0.598
-0.8316
-0.3492
0.1969
0.8223
0.2884
-0.1208
0.1441
-0.3942
-0.448
-0.7407
-0.8834
0.4322
0.5839
-1.2612
-0.7786
-1.1988
-0.3366
0.5584
-0.6066
-0.8552
-0.4201
0.445
0.0931
-1.2321
-1.1366
-0.5583
-1.1465
0.5176
-0.3357
0.0463
0.6998
0.7421
-0.6445
-0.6892
-0.5624
0.203
-0.0204
-0.3741
-0.7277
0.1767
-1.2886
-0.0783
-0.2362
-0.1485
0.1157
0.3462
0.2148
-0.6902
0.7892
0.1533
0.5543
0.4079
-0.49
-0.4512
0.0368
-1.1787
0.4012
0.6233
0.2782
-1.3254
0.0869
-0.1802
0.6266
0.6985
1.1105
-0.8369
0.0743
0.2892
-0.8305
1.4435
-0.3307
-1.3097
0.8667
0.182
-1.395
-0.1425
-1.1185
0.7332
-0.3722
1.0229
-0.8988
1.5683
-1.451
-2.0763
-0.1023
-1.2271
-2.0185
0.4325
-0.4984
0.6541
-0.7647
-0.1944
-1.4498
-0.9745
-1.1512
0.7681
-0.044
-0.1463
-0.9448
-1.647
-0.2272
0.4379
-1.1723
0.7764
-0.1963
-0.2676
-0.5188
-0.6756
1.9225
-0.2719
-1.1481
-1.4887
-0.07
1.8744
-0.2231
-1.5373
-0.9526
0.1102
-0.4096
-0.8892
-1.8871
0.2642
0.1972
-1.3078
0.0622
-1.2518
-0.3148
0.5944
1.4589
-0.1061
-0.9244
-0.5526
1.6972
-0.0075
-0.7642
-0.705
0.5912
0.018
0.272
-0.9473
0.2472
0.5812
0.9838
-0.2748
-0.4669
-0.9026
-0.2381
0.5457
-0.3293
0.3475
-0.6503
-0.1152
1.3871
-1.205
0.0225
-1.1303
-0.248
0.2111
0.3136
-0.5187
-0.7833
0.5797
0.5086
0.3715
-0.5087
0.2879
-1.0447
0.8315
-0.4532
-1.2348
0.4008
-0.8075
-0.9641
-0.6567
-0.337
0.1557
0.7065
0.3972
0.2454
-0.2977
-0.1258
0.0271
-0.7704
0.3519
0.3838
-0.1642
-0.3812
0.2536
-0.6446
-0.565
0.8407
0.4434
0.9887
0.9826
-0.6954
0.3417
-1.3448
-0.6122
0.9332
0.362
-0.1073
-0.1408
-0.3113
-0.2191
0.5574
-1.5797
0.5439
0.0787
-0.0021
0.136
-0.7871
0.1861
0.6713
-0.2298
0.2346
-0.6445
-1.1947
0.6014
-0.3977
0.5337
-0.3994
0.8707
-0.0469
-1.4798
-0.0716
-1.6504
-0.072
1.4545
0.1989
0.075
0.5415
-0.1289
-0.5252
0.3054
1.3457
-0.0551
-1.6533
2.2795
-1.238
-0.3647
-0.6294
1.5448
-0.2362
-0.9785
-0.7904
-1.9635
-0.1383
-1.3145
0.8729
0.7037
-1.0493
-0.8509
0.6699
-1.2677
-0.5955
-1.0755
-0.0755
-0.2334
-0.7995
-0.4075
-1.648
0.5742
0.5312
-0.2624
-0.1917
-1.4608
-0.3762
0.0309
-0.6481
0.5356
-0.3609
-0.2237
0.5899
0.3046
0.3511
0.2654
0.7838
0.406
0.1686
0.1575
0.0472
-0.1566
-0.3637
0.3079
-0.1663
-0.7944
0.3668
0.9643
-0.1899
-0.5532
-0.8608
-0.8467
0.14
-0.3122
0.366
0.4332
-0.9919
1.1341
0.4734
0.2001
-1.2576
-0.5228
0.3367
-0.1847
-0.4666
0.2831
0.7566
-0.1842
0.2932
-1.0406
0.2936
-0.035
-0.1355
-0.0879
0.5889
0.9815
-0.2201
0.9134
0.4554
0.1158
-0.0428
-0.2825
0.0759
0.6394
-0.6711
0.5434
-0.7694
0.4751
0.5701
0.5068
0.3614
-0.2857
1.1766
-0.443
-0.4267
0.6008
-0.7509
0.4404
0.8692
0.4555
0.0739
0.3256
0.1381
-1.1489
0.8558
0.4292
0.4463
0.6165
-1.6262
-1.7092
0.0092
-1.845
0.7702
0.4641
-2.2782
-1.2526
0.2117
-1.1328
1.0319
-1.4081
-0.1151
-1.4259
1.0993
-0.0061
-1.3607
0.4225
-0.0429
0.9307
-0.3299
-0.4722
0.9733
-0.5699
2.1763
-1.1022
-0.6694
-0.5027
-1.2936
0.6493
-0.4879
-1.1341
-1.4844
-0.6913
-0.2129
-0.2655
-0.4061
-1.5636
1.0447
-0.5528
-1.175
-0.4915
-0.2654
1.0966
-1.0465
-0.8577
-0.4178
-0.9844
0.1083
0.68
-0.6587
-0.0397
-1.8593
-0.0799
1.4337
-0.8961
0.3638
-1.974
-0.0433
0.0663
-1.5076
0.6821
-1.2328
-0.7119
0.8052
-1.4063
0.5146
-1.6436
0.0248
0.2424
-1.1835
0.5068
-1.1104
1.1781
0.7758
0.0598
0.0699
-1.2107
-0.4208
-0.5628
0.9838
-0.1
-0.0683
1.0851
0.3764
-1.2651
0.6689
-0.0922
0.235
1.0377
-0.2857
0.2293
-0.1096
0.4001
0.9529
-1.3328
0.4888
-0.1546
0.2257
0.8964
0.7026
0.6175
-0.0001
0.3099
-0.1167
0.7414
-0.9617
-0.9046
0.0884
-0.7934
-0.9589
0.14
-0.8985
0.2973
0.2948
-0.7561
-0.9318
0.5675
0.4143
-0.1759
-0.3931
0.1372
0.5795
0.5017
0.3117
0.3015
-0.0499
0.0276
-1.0124
-0.7146
1.1725
-1.1353
-0.6155
-0.3849
0.1288
-1.3802
-0.3647
0.4974
-0.5861
0.3233
-1.7991
0.3387
0.9782
-0.2259
-0.6204
-0.0332
-0.7034
-1.2385
-0.4322
-1.1255
0.2175
0.3764
-0.4878
0.1617
-1.9485
1.4357
-0.5737
0.7686
0.3221
0.3811
-0.0929
-1.1183
0.8588
-1.4883
-0.1591
-0.4563
1.0474
0.1272
0.9817
-0.8519
0.0589
0.0827
0.1571
0.0919
-0.7407
0.3071
-1.3833
0.4882
1.0106
-1.7919
0.4015
0.3034
0.3695
1.6553
-1.7683
-1.5846
0.614
1.5332
0.426
0.2121
-1.9432
-1.0483
-0.609
-0.5082
0.4648
-0.787
-1.0443
-0.0496
-1.6239
1.5848
-1.6027
0.3464
0.1857
-1.0687
0.3842
-1.822
0.3246
-0.1408
-1.1989
1.3162
-0.6371
-0.6003
-1.3459
-1.0388
0.9455
-0.7762
-0.5249
-0.2326
-0.2876
0.5521
-0.9564
0.2077
-0.5431
0.1561
-1.1334
0.5843
0.6348
0.5485
-0.0236
-0.5312
0.3047
-0.5346
0.4948
0.4414
0.8596
0.6496
0.1268
0.7793
0.6276
-0.9351
0.2497
0.3573
0.3312
0.6291
0.0339
0.2978
-0.4427
0.9206
0.9664
-0.5658
-0.4288
0.541
-0.4158
0.3688
0.7505
-0.3719
-0.0827
0.2879
0.0806
-0.8468
0.526
-0.9617
-0.8325
-0.6512
0.9797
-0.4997
0.3247
-0.0435
-0.4818
-0.0453
0.4362
-0.4412
0.1501
0.4899
-1.2174
-0.2181
-0.8514
0.5391
0.1229
-0.7316
-0.3358
0.4138
-0.9395
1.9292
-0.3705
-0.0402
1.0512
-1.2692
-0.6145
0.0174
0.7224
1.2174
-0.8006
0.1865
0.0418
1.3608
0.3526
-0.5531
-1.0895
0.9228
-1.1032
-0.7408
1.7493
-0.0163
-1.2086
0.175
1.0824
0.4988
-0.0287
-1.3401
0.3018
1.2737
0.7212
1.4671
-1.1758
-1.2231
-0.5555
-0.0619
1.6471
-1.0253
-1.6106
-0.3461
1.7869
1.6124
-2.2048
-1.3189
-0.9294
1.2066
1.1745
-1.1962
-0.6178
-0.6209
1.7572
-0.3804
-0.8101
-0.4469
-0.1505
0.8875
-0.294
0.3931
0.2304
0.1844
1.2433
-0.56
-0.8269
0.2871
-0.8572
0.1126
0.6993
0.0257
-0.4572
0.6126
0.7057
0.5104
0.377
0.2047
-0.5257
0.2009
0.0265
-1.2667
0.6201
0.1685
0.3952
0.1106
-0.2039
-0.1007
0.5513
0.1562
0.5532
-0.2772
-0.0874
0.1924
0.4888
0.0947
0.0823
0.1359
-0.1302
-0.6016
0.0559
0.2686
-0.9077
-0.9033
-0.432
-0.0196
0.6533
-0.5561
0.5574
-0.8946
-0.7304
-0.2063
0.2116
-0.9657
0.1125
-0.9058
-0.213
-0.1558
-0.8382
-1.0203
-0.8557
0.8139
0.0219
-1.1422
-0.3249
0.3861
-0.1874
-0.2531
0.5959
0.7109
0.2437
0.0668
1.4126
-0.0211
-0.0271
0.2349
0.5345
1.5269
0.1761
-0.9663
-0.2479
-0.3887
0.5099
-0.1344
-1.0129
-0.7215
0.876
0.8323
-0.8341
0.6977
0.1594
-0.6819
-0.1301
0.6681
0.8236
0.3336
0.6765
0.9873
1.3112
0.5786
-1.7203
-0.8475
2.1989
0.686
1.4976
-0.0665
-0.9512
0.1724
0.7684
0.6389
-0.3172
-0.4471
0.4525
0.5294
0.0853
2.062
-1.0053
-1.2641
0.545
-0.1331
0.9353
-1.0201
-2.2562
1.3201
-0.041
2.5379
-1.436
-1.0648
0.7059
1.9547
0.678
-1.1392
-1.2783
0.4949
0.9752
0.2147
-0.7468
-0.2992
-0.3859
0.7628
0.4844
-0.0069
-0.3021
-0.8869
1.5844
-0.5297
0.0051
0.9228
-0.3624
0.3878
0.4006
-0.6588
-0.3086
-1.3749
-0.412
-0.217
-0.1916
0.7637
-1.4951
0.3995
-0.5883
-1.079
0.3947
0.0777
-0.2965
0.0381
0.3144
0.7202
-0.8992
0.2394
-0.7672
0.6345
0.6188
0.4579
-0.1088
-0.6935
-0.456
0.0019
0.2174
0.6824
-0.8042
-0.6998
0.0168
0.5728
0.102
0.5756
-0.805
-0.0903
-0.9998
0.2712
0.667
-0.0826
-0.8555
-0.3175
-0.16
-1.0615
-0.0124
0.7155
0.3351
-1.2284
-0.4497
-0.6651
-0.5471
0.2598
0.0189
0.723
-0.6851
0.1829
-0.1403
-0.3203
-0.3908
-0.2016
0.0033
0.3999
-1.4852
0.9782
-0.9096
0.2703
1.0459
0.349
0.674
-1.1897
0.1335
-0.269
-0.3768
-0.245
0.4891
-0.4865
-0.6192
0.6868
1.0816
-1.3639
-0.3664
0.4872
0.0781
-0.5246
0.3242
-0.519
0.5143
-0.5836
-0.2958
-0.4042
0.2696
-0.1002
0.9489
0.6524
-0.5315
0.7524
0.3966
0.448
1.3393
-1.5127
0.3131
0.6018
1.5211
0.2136
-1.1852
-1.1404
0.5741
0.9014
0.5739
0.1008
-0.9869
0.3143
1.1985
1.5691
-0.7317
0.0091
0.8179
1.0625
0.7053
0.7629
-0.5862
-0.886
1.8606
0.234
-0.4066
-0.8229
-1.215
1.1671
0.4978
-0.7261
-0.2245
-2.2859
1.0315
-0.7374
-0.2008
0.5182
-0.6874
0.5593
-1.0536
-0.5425
-0.8644
-0.4853
-0.4872
0.4214
0.5908
0.6356
-1.3484
-0.0159
-0.8904
1.1145
-0.0338
0.2293
-0.6021
-0.6675
-0.6497
0.5855
-0.7695
0.4591
-0.5196
0.5114
0.8017
-1.0083
-0.8899
-1.1325
0.2612
-0.2099
-0.6122
-1.0729
0.0319
-0.4745
0.6979
0.548
-0.305
0.0628
-0.6177
0.7861
-0.7619
-0.6863
-0.7645
0.7793
0.4673
0.9107
0.1863
-0.3354
0.3399
0.5651
0.2752
0.2389
0.3743
0.0924
0.2073
0.0916
-0.3691
-0.8147
0.3032
0.6671
-0.8117
-1.4529
0.3158
0.3202
0.7977
-1.0166
-0.2483
0.5648
-0.7543
-0.5645
0.4466
-0.3088
0.4428
-0.2795
-0.1018
0.4304
-0.0444
0.9623
-0.0699
0.2267
-0.5001
0.4946
1.0843
0.5824
0.4632
-0.0797
-0.3955
0.2027
0.4741
-0.9829
0.5589
0.8744
0.3604
0.3171
-0.4271
-0.1496
1.3165
0.5335
-0.5359
-0.4263
1.0504
0.136
1.0142
-0.1134
-0.3981
-0.3793
0.4663
-0.3055
-0.7591
-0.1878
-0.704
1.1366
1.0231
-0.175
-0.279
0.0648
0.5557
0.3925
0.612
-0.6585
0.5872
-0.3238
1.0306
-1.0591
-0.6002
-0.099
0.2887
1.7955
-1.0015
-0.1027
0.6914
0.3335
1.3525
0.3622
-1.1426
0.7504
0.7665
1.4853
-1.0241
-0.5364
0.2106
-0.6448
-0.7724
0.958
0.4922
-0.9627
0.9113
-0.8331
-0.6465
0.3277
0.2332
-0.2036
-0.5189
-0.6761
0.1401
0.5577
-0.9263
-1.1884
1.1267
-0.0883
0.2913
-0.5602
-0.1616
-0.2903
-0.2098
0.0337
-0.0933
-0.2732
-0.3287
-0.0026
-0.5438
-0.7385
-1.5337
-0.7881
0.9606
0.7045
-0.4504
0.7745
-0.5847
0.4441
-0.8561
-0.8172
0.3264
-0.8722
0.5831
-0.385
0.6114
-1.2762
0.9492
-0.8731
0.213
-1.0548
0.2388
-0.9704
0.665
-0.2832
-0.4318
-0.0127
-0.4473
0.9323
-0.2546
-0.682
-0.023
-1.2261
-0.2516
-0.745
-0.8568
1.0151
-1.3087
1.0626
0.8173
-1.1675
0.2602
-0.3742
-0.3799
0.1406
1.0356
1.2663
-1.2894
1.2577
0.2647
1.0041
0.6192
-1.2792
-0.7897
1.2705
-0.1449
-0.2194
-0.1628
0.2167
1.6004
-0.7771
0.4026
-0.7557
0.197
1.2401
0.2296
-0.3591
0.5827
0.3869
1.5024
-0.6718
-0.8468
-0.951
-0.7969
0.6204
-0.2784
0.7426
-0.6065
-0.7339
1.6874
-0.6942
0.661
-0.6573
-0.1716
1.083
0.3258
0.7321
-0.3095
0.3647
1.2068
0.8156
-0.0914
0.6299
-0.1594
0.6209
0.9106
0.3941
0.149
-1.169
0.7883
-0.2259
1.0453
0.0634
-1.0164
0.7381
-0.1146
0.4788
1.247
-0.2734
1.2313
-0.2166
1.2185
0.0802
0.1914
0.4667
-0.4718
0.3092
-0.6814
-0.4248
0.8488
1.2944
0.3748
0.3463
0.7749
0.2283
-0.6123
0.4992
0.6539
-0.984
-0.8017
-0.2744
0.6015
0.6924
-0.6238
-0.406
0.5677
-0.2786
-0.0822
-0.1782
-0.8838
0.4407
0.041
0.9359
0.6085
0.6683
0.3797
0.2451
0.5543
0.4628
0.2137
0.9155
0.1298
-0.6111
-0.3849
-0.4116
-0.8011
0.1111
-0.9609
-0.793
0.6585
0.3284
-0.8625
0.2661
-0.7517
0.1434
-0.1656
0.307
-0.3077
0.7296
-0.6149
-0.5199
-0.4646
-0.731
0.7156
-0.5785
-1.0735
0.4788
-0.0798
0.9425
0.5837
-0.3717
-0.3514
-1.2248
-0.1448
0.4583
0.6474
0.5196
0.1102
-0.4195
-0.3789
-1.4295
0.4469
0.0577
-0.328
0.2927
-0.9921
-0.6047
0.0874
-0.8244
0.5337
-0.5892
0.134
-0.7702
-0.0257
0.1133
-0.2082
0.4269
0.6111
-0.0923
0.0491
0.9021
0.766
0.5605
-0.0455
-0.2356
-0.2999
0.3577
-0.852
-0.7601
0.0258
0.8021
0.4897
0.2764
-0.7524
-0.6484
0.3308
-0.0299
0.0183
0.0299
1.0192
1.0848
0.6122
0.1518
0.715
0.8782
0.9173
1.1716
-0.3968
-0.8409
0.8143
0.0429
1.0258
0.742
-1.0829
0.893
0.7745
-0.3076
1.2693
-0.1728
0.4703
-0.4664
0.4847
-0.8194
-0.5501
-0.8911
0.5589
1.019
0.364
-0.7329
-0.4031
0.3709
1.0172
0.4373
0.4309
0.4173
-0.4933
0.5648
0.5133
0.0006
-0.2114
-0.2709
-0.1571
-1.0402
-0.4324
-0.2593
-0.8165
-1.0534
-0.554
1.0211
0.1092
0.3918
-0.5408
0.9445
0.1039
-0.9866
-0.5825
-0.9646
0.6401
-0.6681
-0.1564
-0.693
-0.0622
0.2153
-0.6581
0.1488
0.136
0.6231
-0.1211
-1.001
-0.9454
-0.9284
-0.9144
-0.5661
-0.2682
0.3038
-0.5237
-0.3787
-0.5965
0.6479
-0.8631
0.6928
1.0369
0.4801
-0.5443
-0.1882
-0.4597
0.3057
0.0963
-0.9927
-0.9745
0.5243
-0.3309
-0.4173
0.4712
-0.8222
-0.988
-0.4166
0.8185
-0.9374
0.7459
-0.3
1.1879
-0.3957
0.2121
-0.6692
0.4241
1.1321
0.4368
-0.9354
-0.2378
-0.6306
-0.0037
0.3204
-0.4961
-0.2765
-1.0287
-0.1144
-0.4466
-0.4821
-0.3476
-0.3962
0.636
-0.5475
-0.3774
-0.2205
-0.0203
-0.5607
-0.247
0.1801
0.6368
0.4051
-0.3583
0.5383
-0.4683
-0.5807
-0.9999
-0.1763
0.1036
-0.5018
-0.9534
0.1413
0.704
-0.8181
0.7835
0.3773
-0.3606
0.8296
0.0715
-0.941
-0.6921
-0.7367
0.4649
-0.391
0.8828
0.4227
-1.0396
0.2443
-0.4863
0.2607
0.912
-0.4709
0.5326
0.9704
0.9866
-0.4123
0.772
1.0179
0.9901
0.7605
-0.5134
0.5711
-0.3356
0.8282
-0.4148
-0.0382
-0.973
1.1221
-0.8421
0.2014
0.1114
-0.3908
0.4276
0.1542
-0.2488
0.0744
-0.7267
0.4641
-0.1295
0.7964
0.7661
0.7263
-0.2973
-0.0061
-0.9011
-0.4477
-0.7252
-0.5393
-0.282
0.0643
0.3738
-0.5401
-0.082
-0.428
-0.2035
0.5428
-0.0369
0.3683
0.7027
-0.6458
0.8871
-0.8225
0.2521
0.4182
0.0596
0.4278
0.9006
-0.6857
-0.2122
0.7969
-0.9258
-0.5463
0.4191
0.0003
0.3319
-0.7146
-0.6082
1.0225
-0.9075
-0.2616
0.137
-0.96
0.89
-1.0791
-0.2309
0.4505
0.7449
-0.3356
-0.7178
-0.3862
-0.0174
0.0425
1.0245
-0.1105
0.4113
1.2513
-1.1605
0.8672
0.1777
-0.2552
0.7744
0.0671
0.656
-0.0709
0.9703
0.3505
-0.1239
0.2119
-0.2309
0.6277
-0.0941
0.1155
1.3158
-0.1944
-0.6034
0.4953
-0.8214
-0.3211
-1.0349
0.8939
1.257
0.0826
-0.1398
-0.6298
0.4917
1.248
-0.8841
0.3059
-0.901
-0.63
0.4937
-0.6235
-0.0667
-0.9603
0.2184
0.2128
-1.0827
0.2849
-0.492
-0.5656
-0.6153
-0.6127
0.5706
-0.9168
-0.876
0.6866
-0.9659
-0.251
-0.7884
0.4981
0.0667
0.7899
-0.7545
0.3978
0.6243
-0.1703
0.402
-0.0836
0.4738
-0.4269
0.3145
-0.9827
0.6268
0.2905
0.0609
-0.4481
-0.9906
0.1503
-0.1671
-0.5557
-0.4171
-0.5397
-0.6272
-0.8378
-0.5702
0.6438
-1.0478
-0.2456
-0.8629
-0.2374
0.6931
0.1481
-0.5175
-0.1024
-0.7739
0.2644
-0.3406
0.1433
0.8731
-0.268
0.4195
-0.541
0.2667
0.1901
0.9765
-0.6464
0.7673
-0.9659
-0.8487
-0.9515
0.0707
0.1813
0.724
-0.7332
-0.2366
0.994
-0.9596
0.474
0.6298
-0.1612
-0.2058
-0.0757
-0.8757
-0.5517
-0.5624
-0.7332
0.6541
-0.5006
-0.4033
-0.6866
1.0876
0.6079
0.009
-0.2429
-0.2581
0.6922
-0.6002
0.0823
0.045
0.655
0.9128
0.4134
0.8252
-1.0253
0.9453
0.1312
0.4575
0.1233
-0.8283
0.1424
1.0809
-0.9242
-0.4989
-0.5791
0.7963
0.1224
-0.9147
1.3566
0.3485
-0.0029
-0.2625
0.1721
-0.3121
-0.1342
-0.4317
0.2714
-0.0407
0.6789
-0.8933
0.9753
-0.6122
0.8012
-0.044
-0.0149
-0.209
0.6859
0.4702
0.9221
-0.3944
-0.7479
0.1483
0.4025
-0.1107
0.4788
-0.2995
-0.007
-0.8148
-0.416
0.6785
0.6251
0.0216
-0.9936
0.3918
-0.2609
-0.4214
0.6414
0.1196
0.2616
-0.2371
0.6835
-0.1202
-0.3564
-0.1583
-0.994
0.2233
-0.0221
-0.5528
0.9067
0.4804
0.4882
0.2997
0.2317
0.3124
-0.4686
-0.467
0.6219
-0.7717
0.0733
0.4188
0.1167
0.2976
-1.0003
0.2627
-1.134
0.5497
-0.673
-0.3765
-0.9244
0.8358
0.7241
-0.7542
0.7943
0.0399
0.7556
-0.4099
-0.2552
-0.2482
0.4462
0.0573
-0.862
0.3763
-0.6227
0.6779
0.2892
-0.1384
0.8244
-0.647
-0.8568
0.295
0.373
0.2624
0.2623
-0.7457
0.2355
-0.9424
0.2186
-0.0115
-0.3192
-0.3694
0.5987
-0.6556
0.063
-0.0035
-0.9156
0.0634
-0.7198
0.1542
0.5161
0.99
-0.2289
0.9711
0.204
0.7736
0.4125
0.3463
0.4246
0.148
0.2753
0.6238
0.9401
0.519
0.4239
1.0164
0.6056
-0.6666
0.8917
-0.9485
1.0308
-0.5566
-0.4445
-0.4121
-0.0035
-0.2863
0.6693
-0.7678
-0.2232
-0.6174
0.7047
-0.4015
0.6652
0.2595
0.3376
-0.327
0.4443
-0.7791
0.8214
0.373
0.0716
-0.0868
0.4649
-0.2202
-0.3548
1.0736
-0.1808
-0.2129
-0.2258
-0.9638
0.459
-0.5406
-0.4347
0.3221
0.4096
0.632
-0.3543
0.126
0.0678
-1.1697
0.0022
-0.3468
-0.7094
0.6813
0.3664
-0.5744
0.1541
-0.1562
1.2781
-0.1755
0.6255
-1.1058
-0.3023
0.1287
0.4095
-0.4123
0.1403
0.595
0.2001
-0.033
0.6877
0.2
-0.4467
-0.3463
-0.4705
-0.6873
0.5193
0.784
0.893
-0.3616
-0.2098
0.2018
0.7491
0.8683
0.3876
-0.7368
-0.1375
0.5324
-0.0563
0.1499
-0.7502
-0.8603
-0.4818
1.0556
-0.3966
-0.0907
0.0842
-0.0389
0.245
0.4865
0.7358
0.6632
0.6228
0.9596
0.0466
-0.1237
-0.2324
0.2436
0.6647
-0.7615
0.3256
-0.5513
-0.45
0.77
0.508
-0.6146
0.1712
0.8375
-0.8047
0.3564
-0.5164
0.4695
-0.0542
0.4214
0.0687
-0.6461
0.4155
0.6694
0.0678
0.6548
-0.9064
0.4186
-0.4571
-0.2752
0.6851
0.9603
0.7738
0.3661
-0.7251
0.1288
0.1593
-0.4045
-0.237
-0.0168
0.7661
0.5706
-0.4192
-0.6544
-0.0092
-0.2206
-0.6845
0.3878
0.3402
0.0048
0.0787
0.3353
-0.1284
-0.4962
-0.1011
-1.056
-0.455
-0.346
0.6913
0.582
-0.9891
-0.1443
0.3371
0.9545
0.8819
0.7704
0.7825
0.1491
0.6772
0.1374
0.6837
0.9928
-0.5223
0.2957
0.7652
0.7043
0.7753
-1.0175
-0.0116
0.6111
-0.7451
-0.199
0.6888
0.2721
-0.4
0.6172
0.2394
-0.5237
-0.3695
0.9503
-0.682
-0.7431
-0.849
-0.8109
-0.2978
-0.6482
1.1379
0.5225
0.656
1.0732
0.0145
0.4561
-0.4611
-0.3971
0.7734
0.5871
0.5748
0.7944
-0.4777
1.0299
-0.3435
-0.4123
0.011
-0.3673
-0.5478
-0.3569
-0.6795
0.4792
0.864
0.4541
0.9353
0.0356
0.6572
-0.7523
-0.6729
0.2847
-0.97
0.4239
-0.1978
-0.6549
0.8539
0.0801
0.3071
0.4187
-0.1204
0.5876
-0.5777
-0.6468
-0.469
0.9932
-0.8973
-0.2677
0.9836
0.4966
-0.7878
0.0242
-0.7603
0.4832
0.1082
0.8217
-0.2215
-0.8383
-0.4357
0.4101
0.553
-0.6028
0.0167
0.4909
-0.8823
-0.4964
-0.7476
0.394
-0.8576
-0.3559
0.1416
-0.7006
-0.4993
0.1525
0.6373
-0.0353
0.4469
-0.167
0.2661
-0.0109
-0.6791
-0.6338
-0.7621
-0.1097
0.3018
0.3827
-0.0109
-0.2675
-0.9185
-0.7104
0.1379
0.0417
-0.0659
-0.0208
-0.8585
0.9761
-0.0526
-0.008
0.0797
0.5061
0.2901
0.4023
0.7848
-0.0106
-0.9802
-0.7681
0.049
0.5502
-0.6529
-0.1882
0.7751
-0.2393
-0.0364
-0.0896
0.2909
0.6676
0.7197
0.9179
-0.3461
0.1333
0.9822
0.1641
0.4108
-0.6725
0.1831
0.4008
-0.48
0.8579
0.4345
-0.8652
0.4267
0.106
-0.1823
0.4111
0.1787
-0.4652
0.1339
-0.7539
-0.6811
-0.1601
0.354
0.8474
0.2295
0.7451
0.6781
-0.3935
0.8804
0.7821
-0.5894
-0.8655
0.8601
0.8337
-0.693
-0.616
0.6422
0.3171
-0.0972
0.6366
-0.093
-0.5903
-0.0109
-0.8469
0.4301
-0.9252
-0.1814
-0.5747
-0.8161
-0.2658
-0.3255
0.4652
0.793
-0.1284
0.0914
0.6378
0.1666
-0.1322
-0.4307
-0.3325
-0.0045
-0.3552
0.4916
0.0896
-0.561
-0.6405
-0.2061
0.8266
