-0.7872114429845023
-0.622852993767709
-0.8601089722412121
-0.04264431700557991
0.06968111137254573
0.9454961600997249
-0.18952228127317006
0.6536232655555385
0.486200203819696
0.4742974864479297
0.37223867403194766
-0.4315187245169412
-0.18677858873997955
0.9665409099017714
-0.9675329482323813
-0.25982858181882973
0.7161843249175748
-0.6106023203073743
-0.680123497316012
-0.2579300477288258
0.10644048242776072
-0.9827148867664401
0.9407436630615262
0.602631888206542
-0.14272775599353715
0.5910805569728876
0.7175417184154185
0.6800560306307886
0.103833294767667
0.4315554924706897
-0.9079403772262902
0.9352421794841308
-0.3415414545571922
-0.7975188514189204
0.6053568584342661
0.7516661116092185
-0.456903123674264
-0.03963517071884759
-0.6829383013967085
-0.4104646824953735
-0.559703655624396
-0.8770002015566407
-0.41479041736302213
-0.4384722275478039
-0.23972002401804127
-0.7769182266129948
0.04240821523434879
0.08895729563017052
0.6998749232154506
0.5554365755098818
-0.8523758754000479
-0.058530744454456274
-0.3293163937939134
0.005692352516976529
0.128239568208105
0.06976111861337797
0.2780314649130131
0.9239977741433931
0.3590554921446898
-0.9107649642360878
0.9762643781137681
0.23155120857111
-0.8516713147880197
0.33996641702845976
-0.790952290924513
0.9918989698359517
-0.213527498054928
0.2351512320146012
-0.6702515567345826
0.28194129566393955
0.5953186027098765
-0.8379503472658936
-0.8664587722695203
0.9523654042522947
-0.37986079488356816
-0.41581503818394405
0.3297128892513139
-0.42541667071693845
-0.4024557262281372
-0.9298522818069817
0.19907681303398284
-0.23720839510420144
0.9623185200096507
0.5802374833779778
0.1621574321111785
0.859773000163216
-0.8350681304910001
-0.7014278241230087
0.6548145512322654
-0.26526489978654544
-0.19540691998475546
0.4782605511560951
0.3344535792721428
-0.7186721866994763
-0.9902883053283307
-0.5852619793593483
0.5073491687517808
0.21531070986718737
-0.8691597256384618
0.0255959100991765
0.07122834304427683
0.21720050868357532
-0.05475796859643678
-0.06663782956143849
-0.35557157840982345
0.5824544885641081
-0.40082992474122636
-0.22569956081516684
-0.6242078738106762
-0.025767474972070215
0.03846587104911037
-0.6904573426494485
0.44833059842938794
0.82764444138291
0.09176222564720415
-0.7108453209903178
-0.23406338034356433
0.5010442360346792
-0.45373801326148233
-0.5938247238506336
-0.8670696185257409
0.5828785805111316
-0.23409080672590155
-0.5878325960065272
-0.033418243125456826
0.8366985641675961
0.33690820327189397
0.9257543702870543
-0.7843755595062407
0.22022574629807812
0.5752088918576994
0.7744072214515101
0.5287654661364103
0.678610553285758
0.8379953481828273
-0.502237584896166
0.4929376542109938
-0.4342167871617393
0.8770444351539375
0.13382687292792705
0.5009417927671338
0.6672934286637928
-0.8049091279507659
0.9773709880734947
0.27254931965693974
-0.005520111757583157
-0.5989267143415584
0.38716715233343457
-0.9467131129592636
0.6027750481873941
-0.9417630162666015
0.6419232643718049
-0.9786838357245284
0.4234657982760788
-0.624837408646943
0.30361197093165204
-0.8119028282834297
-0.9881717203916836
-0.04457898778453506
-0.19679486408448632
0.28843333401183946
-0.1688548598271471
0.6539279781596918
-0.8149012453991553
0.7048503648279887
-0.8266484003972894
0.8202111645397341
0.6506734626020709
-0.09633032407459874
0.004709427301454738
-0.10256199637557484
-0.5750346981866588
0.726797895218565
0.3203573049962498
0.6561211401650962
0.304582516442234
-0.48027062820612487
-0.46194861698407697
0.7563120870991351
0.7744694695247045
-0.7057752283009293
-0.3378443629492103
0.10728858807365027
-0.5989826629899793
0.5930226927631805
-0.4976184659421363
-0.7279982855143183
0.21297103998616973
0.5040166720408106
-0.3447764432871565
0.5167174260788236
0.14613505499919155
-0.9673083927034287
0.08342884660489114
0.8108860772149489
0.6825538096211261
0.8616245587974849
-0.15410682543051335
-0.7523619155109371
-0.7502553302126795
0.25591055658593254
-0.049042551672874524
0.24744410764805713
-0.1891005881995078
0.6981867631228864
0.9454859023716986
0.553114251500181
0.10197444645126197
-0.18994516929715455
-0.020422061316708096
-0.8636477900587103
0.3219088451083745
-0.40690617903649007
0.8807150719067369
-0.7968467203143776
-0.863258912498726
-0.1413782830021042
-0.45694800493411725
-0.3759986438133365
-0.3195054464321958
0.837208217848495
0.33425975383578344
-0.5634256221418963
-0.09690442382177467
-0.6125895649293795
-0.6414666763618668
-0.6191339497138124
0.9739278437271426
-0.1364575770511609
0.09953831184063433
0.6644088656387634
0.49237251377988156
-0.16219746447421812
-0.16583733338564355
-0.9396699802910065
0.7318276041268974
-0.6765746083961095
-0.8726431155305847
0.24148470159400626
0.7144937020137232
-0.8134406941347816
-0.9201239456027919
-0.8373058111425795
-0.10547425250506359
-0.6627208304269423
0.08193050671350921
-0.06460770236995694
0.4733653285748465
-0.9009249815103286
-0.00503614902750904
0.9780484009084847
-0.9491075276861038
0.4418683572764046
0.26588146814097846
0.9932393613836654
0.8030042900032102
-0.2337058768715603
0.7154249569719509
-0.5687751647829495
0.7823115724169143
-0.5508959474457591
-0.6524894230056282
-0.03555189283225424
0.02902804314434726
0.3408823853649632
-0.596158806976105
-0.8044160401394853
0.5687269051968014
0.55923701560299
-0.5209622750147664
0.19809996002618369
-0.00760315790638777
0.6803579303578744
-0.6749052481067799
-0.9436922023887595
0.5114322742711692
0.016431214763244162
0.4897189149549679
-0.6143596428863254
0.9293196277666247
-0.5626025542708895
0.7449655650837526
0.7795277948005845
-0.737990591182939
0.989712750997872
0.6380770021478108
-0.834341916410561
0.23020563286932516
-0.9914253649388907
0.8905340833190378
-0.936472877996692
0.031523079998657
0.5255534045126582
0.3949839270414679
-0.08884786360328056
0.9474500182712007
0.547499152557487
0.11443134016340029
0.6074107804350828
0.33535228063680655
-0.12590682172454626
-0.9483605942155642
-0.3034579054643667
0.47836623278641643
0.27744748591580914
0.2616911776941724
0.968758460824676
0.8418305303271258
0.9995332310669023
0.6155121323855786
-0.9960369880542943
0.608661543899484
0.7205539191253316
-0.30912897072303136
0.762165562629012
-0.43614110872208367
0.3008017323287677
0.2156856713511004
0.6703397064627803
0.022608661552846465
-0.9786622579223765
0.6555617706418659
-0.20591161816995962
-0.2199800149020823
0.70008191283192
-0.9576496351193617
-0.2737814044074922
-0.5291596507912129
0.1920419627005443
-0.01902145471299943
-0.18513671688980415
-0.8763609924561149
0.0443597345853779
-0.8389606528833164
0.07178426882635192
0.8809560491109236
0.27164562969197315
-0.9883002637642191
-0.7535350978115816
0.21613967057042593
-0.7804977991245647
0.038730973067019336
-0.2562603394566858
0.011928967366401588
-0.31487902865100814
0.610882934084152
-0.5559523011924474
-0.07471748638757392
0.05160401500456535
-0.11913334834519174
-0.333544534594707
0.3196587124049606
0.4777428713053935
0.5709483361151131
-0.9054012002755218
-0.4848474229521613
0.30573055979855934
-0.4713592389725443
-0.7376680273369522
-0.20193180697603808
0.21065937172796922
0.827072060972605
-0.48457382126574444
-0.8082925311566105
0.3922726075031482
-0.2950191491894527
0.15483938078286053
0.8553783095570018
0.7843809365265848
-0.937254469641905
0.09690231285058437
0.4708146318792583
-0.30280209101421596
0.3474376793007068
-0.4054317740934408
0.7158561777274193
0.33437046254069536
0.6579791086280005
0.5392222317137847
0.4839787683689143
-0.6345885753868319
-0.7158729565931439
0.9789583712027252
0.7521387694391273
0.17743674043877733
-0.05130138287287411
0.7924366168738601
-0.8573432596715072
-0.6266548824327218
0.9083916032698529
-0.7923656499269383
-0.357251535143563
0.0325472127072175
0.4756986822273561
0.36804272791625925
0.8594675018599631
0.4196034183586208
0.1118974145959748
-0.8754822560663891
0.8703754106245241
-0.4285564386302163
0.7112161434698785
-0.07749032521302412
-0.0970921847473063
0.5997360288172466
-0.9669982573732185
-0.2013218007947879
-0.25811675876425544
-0.16155355156543427
-0.955422924444822
-0.9065303128006796
-0.403164754123154
-0.7761121477942996
0.4056776811820675
-0.5731559079415631
-0.5159767595315972
0.36395534715512556
-0.5990466322386838
-0.9956526909677579
-0.48386700289818774
0.8785014914320646
0.3274528758512023
0.8276694475743851
0.750449782391108
-0.8350270372090063
-0.4371387878395765
-0.6823217429950867
0.5061273865127078
-0.9665502476650374
-0.18983369590399013
-0.6683015873313285
-0.9887704268318203
0.21636304885457913
-0.7717664235015569
0.5240023020084841
0.9672199308964706
-0.24359987410887518
0.1427901401137972
-0.8172986506969444
0.23634749929615428
0.1636738272265228
0.9317306636802374
-0.9982018083252893
0.2357575729012964
0.4697001427582288
-0.9248792210927983
-0.8783795386025981
-0.9071277426103137
-0.23070624923671001
0.7444575633659514
-0.9431565568673541
-0.6082165863084219
-0.426401351255165
0.3513600852820886
-0.9114989902949331
-0.2824974149461475
-0.5189394968603349
0.5136746908316617
-0.5933465019770475
0.6809787470443133
-0.2168958286390636
-0.5881042016823461
0.07040878550010841
0.5559828267380476
0.8858818382432455
-0.3549326460188247
0.32259118735516146
-1.0925415067845368
-0.2672123727388528
0.8193134932984251
0.983963593833288
-0.07144564053865028
0.21779053827194794
0.631067617479551
-0.7389792020729223
-0.2816719032590605
-0.13761989306201827
-0.04996902473888007
-0.1622399976052738
-0.6340749163287481
0.8885066356619379
-0.20266269741252804
0.7216611828731425
-0.9411620940609451
-0.9251491585772428
-0.8890430488506663
-1.0900764469551814
0.8684581629938621
-0.29633569684505423
-0.07123619266766744
0.19880765990959182
-0.1770119297580973
-0.8377331870110318
-0.3705357067515057
-0.8908427868467016
-0.8501148409143356
-1.145633231240671
1.1415609679276717
0.41779644027046503
0.3029693531824829
-0.5011322125787934
0.6227034952610563
0.790607258225392
-0.9285442839924907
-0.5061330683338531
0.42681761673815616
-0.5797604516549417
-0.3010553351245563
-0.038111410232081096
0.02549779439590816
-0.8069370095616106
0.4752413717456904
-0.44693570525550363
-0.6585286378885239
-0.8386429627384663
-0.23897379700895138
0.8618952374168718
-0.2061462292067855
-0.9659217104000944
-0.9637011979642208
-0.24735202719180838
-0.5198211597832101
0.5784417401006862
-0.025096013656804566
0.42918161509835145
0.5388002283223865
0.20056391270810292
0.33682712612956744
-0.8917046417622425
-0.5682782706439344
-0.26938999038933353
-0.23792985229237962
0.27802261135799133
0.4708166477401807
0.8857905025576425
0.1513901057982201
0.17372989806506056
-0.37545284501688414
0.045563630038646386
-0.3536573642597205
0.4869693163797886
0.7840736706060516
-0.16031791936101425
0.4195769784727921
-0.8778487492844411
0.9910065102645067
0.15495399667429832
0.31835360350861075
-0.25611008379077593
0.33317782479288205
-0.26284820277598264
-0.18254410994333692
0.10432925152441386
0.575672774034989
0.7781019115367651
0.09818763297631472
0.6332824379303705
0.17534362813253823
0.11869839298597973
0.018009668319484806
0.8981843173177106
0.9565680490036135
0.37201556211283426
-0.6945915917399312
-0.8808951596696479
-0.08070742608418446
-0.5895257758328751
-0.20399376650886158
-0.5829353234138461
-0.8782957531658451
0.45806369855849627
0.02120209392953898
0.5459639945194235
-0.2785610036311543
-0.5186578449377333
0.9813777759616586
-0.13883753952078215
-0.9839896305008271
0.5946962941991227
-0.05440463908122406
-0.6749726386485957
0.8005867467116694
0.24672871813378983
0.7385880769906861
-0.20662449559415186
-0.5630713502229421
-0.08470464948577638
0.9978771322672251
0.40431230965252385
0.07784821021361465
-0.4783610962276124
-0.030800465722231794
-0.7843880118633861
0.105456073936821
-0.9840692817803971
0.5713642609956263
0.8018423698865578
0.5498526967871162
0.7933924254738431
0.5917629913808778
0.17413414010043995
-0.7001091104775289
-0.20718025712543603
0.6619425680349955
0.8260751801334362
-0.19806968381876694
0.7286319142865687
0.7925974060823204
0.6727008729816186
-0.5395541590896863
0.2315248443854268
-0.4942306123758569
1.0369787872654466
-0.49748346122553233
-0.3449240419916028
0.08301858170684497
-1.3118164322360313
-0.041023251098746334
0.22129878649210094
0.34049260394066083
-0.06091446015029827
-0.3696007017363108
0.47804942801968964
-0.5238475715063984
0.8388542593192857
0.5215838133352237
-0.856939894915147
0.7258845389608787
0.23818489271451798
0.8687654435269835
0.880979456634742
-0.6973547271634343
-0.6784603411148874
-0.3033704431345292
-0.7068066190145791
0.40361890210806695
-0.6825572131359443
0.041165916229677454
-0.6359291462984966
-0.48921681761569635
0.26075268633348037
-0.8662778988027611
-0.8345416976627781
-0.33558456299036443
0.026502200871309046
-0.01961787585662836
-1.0220756938209477
-0.37829483396864133
0.6592080653008827
0.3477013171554751
0.06781616804057433
0.2732523984367003
0.236274589947532
0.268829013519651
-0.8872644085341467
0.04440958194812783
0.5860361578426475
-0.22225201459744864
-1.0173885095535573
-0.5201517725679664
-0.8997864066017582
0.5057886624947392
1.1476278644906905
-0.8587270398415642
-0.17687221956717508
0.8580599429046454
-0.8758523064515242
-0.49487848295896564
0.5541475072687294
0.16102340867206677
0.6686984640577716
-0.5720224236626454
-0.8408076079981743
-0.40443300590510134
0.32509897322984016
-0.13433203324457996
-0.10577720315584763
-0.5245085709229456
0.5934657115926156
0.7714899520221555
-0.00862823899030002
0.0016054202962909273
-0.21760775425234122
0.0349339082007316
0.7109699016993906
-0.9396370482552115
0.9414793539678268
-0.8461559369002452
1.017245936068357
0.617533183329612
-0.16096815779144882
1.0526083062857274
-0.03797741552015104
-0.012937782561051898
0.8030951682148246
-0.5627731168082859
0.923090663106577
-0.4049036339639096
0.3265016363918034
-0.16748794749210205
0.08894901070866679
0.2738224620327656
-0.00639118254797677
0.18771685924838777
-0.2209480283494396
-0.5471573176784625
0.11553481222655693
-0.1174068961235104
0.6105761210874852
-0.5972425284768219
-0.18737470241285115
-0.16324176449336636
-0.8431327760665921
-0.30004075285490694
-0.902612081740382
0.0884595926860392
-0.4755587474345089
0.09652276861442988
-0.9017035009588243
0.9132597867050192
-0.15156621898378098
0.30347495322779383
0.3962824873258344
-0.08185049855412374
0.31891267159648096
-0.3352925392505173
0.39238327311763843
-0.6744322421649371
-0.9070840664619508
-0.24710549322692527
-1.0313666352748203
-0.6715443217613135
0.350333188702622
0.49964750999583724
-0.8980922240103294
0.39799709916671483
0.8914051993232087
0.6952711739191071
-0.3273169400324857
-0.4517569151341982
0.5586757508436349
-0.2341122203054742
-0.851387940609012
-0.06604554257722343
-0.039652340708777406
-0.8741416700819886
0.15190468665729676
0.0667391792881029
-0.8273607219379675
-0.6968876737564133
-0.2321545299843742
-0.7190839513780738
-0.35602736003903956
-0.7823127354211771
-0.7843116270632825
0.02366789540415321
-0.7515758461577917
-1.1678625669782958
0.48698810708048584
-0.6203410318762268
-0.5250369956420806
-1.086522147986751
-0.7629447733503533
0.7595065759395039
-0.9850000044054867
-0.6483239550170061
-0.7876270282747235
0.9922140932729129
0.23998918955513165
0.5801528134853432
1.010147136265424
0.25461495439953535
-0.6527243254857689
-0.23784940548039166
0.8346356236736564
0.9329288754831723
-0.5534145958150642
-0.660013418705839
-0.5164272816596378
0.32554776934734314
1.0467482467779448
-0.40050128818519365
-0.3383177564831076
-0.19137637008195574
-0.23923105987713916
0.8132801065916856
-0.10153920080529046
-0.32143900805804665
-0.7625767068893877
-0.06402124944172485
0.7826872942201343
1.3623158928450931
0.8099745821106822
-0.11195271990474215
0.34515001433638454
0.21267652628035605
1.2096383663152397
-0.6599778287050443
0.9563223439535925
-0.04293859523446269
-0.020201674233657957
0.13416600611152754
-0.09478360737362043
-0.20224438446263995
-0.03740400468332357
1.0875109201801245
-0.7003797162229649
-0.06807065875871426
-0.8803525876014562
0.05298578920644636
0.4543177400880354
0.15517964932304643
0.12847616133962328
-0.6032443485287585
0.35170154790661357
-0.11585363745962896
1.5245272959949507
-0.07838166142160409
-1.0191221420412693
0.5990068445817532
0.11720107838865833
0.2186080440568661
-0.7063584496934431
-0.36100799445854886
0.13920651850245314
-0.39870705916728244
1.3838083190130297
-0.4904523196313005
-0.12285510800232721
-0.4257010127544777
0.9088229082732865
0.5368074095956474
-0.06462793706157052
0.1118290902482436
0.6379460781069795
0.604003318162009
-0.03522823065110803
0.7680556456204584
-0.9715370681661482
0.6011887103471854
0.9220548935043207
-0.49954689740383906
0.06472450614039738
-0.9189400503330609
-0.8359515993407185
-0.9511145456712535
0.07267235207551351
-1.0466218194213157
-0.7643461134294061
-0.038967139614205504
-0.9047570116509378
0.15712251446134065
0.07261114217978593
0.4794793377027464
0.28060630382777974
-0.39999982119726996
-0.1969799970301442
0.0260408499967304
0.9104890778584989
-0.633481061558328
-0.663316454285626
0.186560244706274
0.1034336167118648
0.5836236276373139
-0.20875880221553889
0.630293533419323
-1.0107371014967481
-1.047402252849628
-0.44534183813144024
-0.7186289916196246
0.15983942337642318
-0.09016358523452489
0.607337006730962
-0.4310181650685217
0.6151248807258923
-0.16702593297918839
0.7097853272687726
-1.6088271813798223
0.1631492061330125
0.5979663468546135
0.08340488639368211
-0.29473443376101444
-0.5137580768370253
-0.29608192902528063
-0.736909325685114
-0.2585868883436088
0.6106246217608536
0.22107151560338556
-0.916596719760556
0.4158479715498593
0.6884285223928935
-0.30257406307885387
0.7797585280020528
-0.5793870841264773
-1.1405492553166665
-0.25159055820866383
-0.2103242914578908
-0.08859682544477103
-0.6180611902478196
0.13107042738771746
0.49299158161109785
-1.3132771939122398
-1.3089951930811439
-0.2789436937991327
-0.9977401963465911
-0.46313719955243693
0.005628771473941812
0.155869836794238
1.1409054312273301
0.46955434688637604
0.19101160176862111
-0.730152199942693
-0.178661590215252
-0.5509227203122264
-0.26712422034760946
0.17007922692745012
0.5782241500369039
-0.7342519030028375
-0.0573551345313584
-0.21396660052264946
-1.104315931845857
0.8980851867264057
-1.531297918384038
0.2777077239866248
-1.153771207104004
0.4959677100923604
0.217464591477257
-0.9403855703436004
-0.6320116125309659
-0.8843918765199631
-0.3392649131244772
1.3565443450346952
-0.12781037399220918
-0.14334986616537385
-1.1938587691694702
-0.47731894702790617
1.456056803948129
0.35934131631273
-0.50114352868563
-1.0320113779440148
-0.21820680012912058
0.32582635778243035
0.06689644995450236
0.3103889710233879
-0.6633039033883545
-0.11421736199063673
0.06159492194000108
-0.7449570488041952
0.38572307833019415
-0.6956214270147514
-0.25571391602536714
0.3544458251929537
0.09398392589424329
-0.8157898074573823
-0.9599422237012021
-0.6245051573236908
0.8971967313433604
-0.08880341860572197
-0.10483896572467094
-0.25811594616649103
0.6482041780159553
0.33343541324488674
-0.21451130438010033
-0.6682482689803213
-0.5389403116500538
-0.34187445586455595
0.04235588605703385
-1.379979157397711
0.7245886191493527
-0.9727599402333672
-0.10344877701744729
-0.2747913977413964
-0.060468294107459394
-0.8889641271081439
-0.9886588908176303
0.17220650793275416
0.7562039682004749
-0.4362085944419105
-0.3250945089809405
-0.34560173312950937
0.9972955607593181
0.5120415591311986
0.24067763966604816
0.5433052673800565
-0.9255937387771991
0.41222363795934247
0.7450276359423946
-0.27485203418470244
0.9863898885396682
-0.8986263421117723
-0.3052964873881933
-0.630340958747116
-0.12052782647245738
-0.28162117355176675
0.12297062373086812
0.3334772511802229
-0.29788365807015144
0.06386184185302067
0.07913475573362402
0.609277170583818
0.8322161279762935
-1.0093793692587438
-1.248451761207545
0.7457253383114791
0.5051180990756621
-0.3345022259215732
-0.4815327761221221
-1.0468098464760112
0.19890972282967823
-0.4862600492424434
0.1987925996874445
0.6577470586289409
0.590659301751532
-0.9271313446855292
0.7325439199397672
-0.12433837503406553
-0.9808579463565269
-1.5673470540923498
-0.5907103383412995
-0.5577692166925581
0.46620193808564836
0.45544398686979287
0.49029003248671277
0.16495753126355686
-0.024539600376723748
1.706840208788028
-0.5069967150546347
-0.28341467888124655
-1.4147415672460795
-0.43423531455906184
0.6742880643121838
-2.135477706170343
-0.6357036808924288
-1.2318113218720352
0.4735809293078891
1.5032562555976565
-1.938272411920277
0.17217570761139303
0.34517699801162155
-0.020174111807653803
1.1888761081446004
-0.2611270604371905
-1.0709586818099868
-0.26054592373753327
0.22551911055646182
1.4073864075316649
-0.5425333874905292
0.9257117194602521
0.44028196654110646
-1.3453785594863568
-0.22035041843890812
-0.6683403830541081
0.7759969101687121
0.2578309206405214
0.009833012951573416
1.0185705477412548
-0.20031063329792984
-0.45127679200265836
0.2245775726386718
-0.06980989124036079
1.5114566506572502
-0.42525334283933586
-0.29328519116076823
0.5179097362333758
-0.813189987106547
0.5191197960414672
-0.8072209823667537
0.6878207067573653
-0.2819294080403309
-0.48736106328613504
1.2507504976787005
0.9489883433472657
0.471637222202194
-0.9653850189438405
-1.330508136876227
0.6307468240090048
-0.06559973681132326
1.7155578635341058
-0.1008413689845607
0.541022884160508
-0.5510255952813883
0.49309921935790074
0.74239331769979
0.744965711655362
-1.1151818683388723
1.0594039803341282
1.2895557105090538
-0.3567472813136714
0.41159641639950906
0.02331366701609263
1.0292810850762015
0.5655902134640614
-0.6782700367175598
-0.8323561968144992
0.931666643877752
0.923986041135624
0.18154888153186424
0.6227751694592896
-0.2499542709209948
-0.4202200647991073
-0.6458813270051261
0.8316110098774284
-0.9024225504857329
0.21428621241977508
-0.3305370323026627
-0.657426724680511
0.66599100477912
-0.33548585618693105
-0.26784900067280154
0.8779244301334068
0.8730430759413867
0.12231770297108592
-1.4161895203267014
-0.8300568887323144
0.009428890543123191
-0.13356482396052471
-0.9820707658895991
0.296145076721837
-0.7765129433448554
-0.33227688636743813
0.169074038588078
0.15228791024165345
0.912974804660672
0.5065680913262389
0.7705311810125255
0.8079179917911196
0.4214490910643781
0.08595204312318723
-0.15663730061052478
-0.9785676284929558
-0.466245294391101
0.12004854744796398
-0.8830769780975445
0.8204186565412934
-0.5268591768644334
-0.3607903136128931
0.5446845423077298
-0.719573827470898
-0.5424422515014418
0.4852785099960672
0.1885060882214427
-1.0420930990750388
-1.113035428318023
0.24977485334660127
0.5498707951453381
0.9595700148629249
-0.06949595915867635
-0.8126911145285816
1.1322146077526405
-1.0099489894659737
0.24368961846427442
0.6634597169390246
-0.3904445709824931
0.5100925761876325
-1.092560867829598
-0.6610801150993248
0.7131145572337274
-1.2801082206749463
0.41755642038300905
0.3913801548000351
1.1204634202172274
-0.5699256991553392
-0.09680538060880227
1.1710081543434232
0.832985524440228
1.7185577997275856
-0.7860477791862834
0.41707080399257646
-0.5817911023625164
-0.8338429941288293
0.444195991247598
-0.7282494472822844
0.44156028237335365
-1.2012827688561782
-0.29667726662426575
0.17291225028101706
-0.6281458980479967
0.25664290673950485
-0.23459716927079385
0.25748586303642584
0.29911585881877983
-1.5054194318662795
0.9211217456242073
0.473859194312292
1.025633495685889
0.8266424384650213
-0.8453557626345144
1.3838165056816027
-0.4166869401247844
1.8923502336272715
0.6337349438125334
-0.4452857113892251
0.7463956977106808
-0.6245829409719631
-0.3821437480163656
0.47313126611608164
-0.2643829782639227
1.6404454699731064
0.5187593936461974
-0.3236680775988291
-0.135307288505218
-0.33387890123774244
0.3704580750901091
-0.6438657380824285
-0.7588174531255962
0.645045061124903
0.17206684594492067
-0.3458763290938552
-0.5498965591101207
-0.118115499639297
0.02636708927640847
-0.18001892425997504
-0.5629281787931603
0.5194789404243253
-0.7937578845828687
1.51172034289761
0.8815452715684623
0.5356526852059653
-0.42692853198539427
-0.7557976447839855
0.14354255905421107
-0.40058780557844276
-0.9833241392396996
0.6430246975497095
-0.853550442202262
-0.7250738250543911
0.19551753080360848
1.0822853270020003
1.2395506898613586
-0.10464774354686344
-0.07656021381318788
-0.7708148227502607
0.8761983787793302
0.21197934928301276
0.6620359914780772
-0.9687536935638851
-0.6856489619085276
-1.4552663146724285
-0.6235078700909633
0.4970467326038383
-0.4523307041100672
-0.7155372784874723
-0.013438750808741825
0.32490928402469155
-0.8373404970850818
0.16978022923207195
-0.967407452035545
-0.11617181233263937
0.29806767366341164
-0.37060834468881715
-0.3415938869296411
-0.09842977224891439
-0.5863691051782073
0.5951565632111729
0.8907822624139637
-0.3534133809990674
0.21999027805289173
-0.8395928637479235
-0.4337716127864213
-0.22842608308510992
0.8926291774757851
-0.27480635619837
-0.41774147392078564
0.07098531789956031
-0.7293420524943166
0.3792403017212723
0.3191810920833784
1.0607478593237731
-0.6559037745992298
-0.6087212927656916
-0.6527243129381649
-0.5909369372159463
0.5716419577121274
0.1442115314194971
0.2876077827633763
-0.2171539489404607
-0.11760634857083258
-1.0104478861965842
-0.4586801615328561
-0.9824892330101412
-1.1125195542816653
-0.7771529686132645
0.8903882158894136
-0.9820891316604651
-0.31704557548880613
-0.873228857907049
-1.1902129091687175
-0.07133916659017259
1.2538526133841845
0.22595855038528984
0.14236945692892855
-0.9956977465064667
-1.069669939578618
-0.13756159814973654
-1.111007790150368
0.7886204257383946
-1.1548380617221352
-0.9364715698023917
0.877727050936832
-0.9359088279067052
0.05051460465343756
-1.256988524107113
-1.4862774440061208
0.22739650711651274
0.11791673709359081
0.33091989078492806
-1.2208508526389883
-0.13281566087438015
2.011584271367101
-0.23185444771316355
-0.31125732256743127
-0.8228708084378724
-1.1653880871181967
1.4966956812854129
-0.17845162000895462
-0.4445549967173459
-0.8949381388453862
-1.2432084188343702
-1.3593602503652527
0.8026151457250654
-0.5042155070442543
0.02362001999553949
-1.1035134125346633
0.5519279031213337
0.22101070147848545
-0.8089679142101173
-0.927925429498072
-3.4168092341247625
1.422394105587626
-1.9667134276921472
-0.03633402889623587
-0.2028305725173014
-2.8291356557075296
-0.8624880943615234
-1.7560083494291876
1.4238711233101113
-1.0995193673562706
-2.74847386389346
0.9531064614887623
-2.3116536679044355
-0.3192145082745934
-0.6438153679242147
-0.9531715874520882
-0.46653362034573476
-1.9674381997631087
-0.757077460761974
-1.859121039006073
1.7767972793002316
-1.7632453562262096
-1.298116466213882
0.28897110037286994
-1.608614529790784
0.5513685801293909
0.19575081399316036
-0.5082768982144987
-0.013518116114507699
-0.8211822274212356
-0.8394853701966143
0.5072549747809428
0.06757995926052651
-0.5057080271254647
0.3611221832952676
0.8623496690185705
-0.17793859113352167
-0.5602849380939161
-0.47755476026673943
1.202061937876637
0.6382119061709955
-0.5381300107384831
-0.9376135864762729
0.7980061029014928
-0.025205512798768894
0.021016715617329814
-0.16038044374733276
-0.8939414834487935
-0.5596876985289375
0.720106329375275
-0.7805930592722661
0.02391867456196515
0.3756666773042014
0.2523656813262879
0.67509743963896
-1.330345833083057
0.37753583616103176
-0.22544035935356552
-0.32536019924542275
0.182900836005879
-0.8096280355625343
-0.4318122039740366
0.9520074788088166
1.0582960416656078
0.5121875924666914
0.08941742124791928
0.48746635789804355
-0.7426178661936695
-0.2630416578498178
0.14843463663171907
-0.5108305258355197
0.8344232888251659
0.8106855248441129
0.44132004657209367
-0.8024501274050462
0.965630267139141
0.9433021849721144
-0.07528254943968138
0.39907189812968213
-0.6623184319385509
1.139776746599912
-0.27910237425102097
0.9526821464406734
0.5917418228782373
-0.19695641663478294
0.31688568661511873
-0.2901723071894625
0.5371975785012599
-0.33783299958662
-1.4439648580564044
-1.7602534168006492
0.5924500684733733
0.2722921480507248
-1.1423974342851575
-0.19809812402140334
-0.7403374536159308
-0.22607040299995945
0.39916367143880566
0.6874264307087246
-1.1471589179438462
0.6669312197645747
0.3447959427348811
0.13595961175999385
0.7378959803197884
0.371772768322895
-0.8629067247823714
0.23136312155284003
-1.5469318276195283
1.052424495775784
-1.2679509190881273
-0.7417638287857279
-0.24730712349459835
0.23965260157615526
1.4402802155232113
0.15354309404970665
1.082427179249166
0.2339879996840869
-0.3795502549104102
-0.7804490646665223
-0.9527895210120191
-0.5459228995870495
1.1921204049556415
0.2183269263345481
0.8955399886191262
-0.8554373971149798
-0.09796957065550227
-0.8159311077098902
0.06763976396233842
-0.5834989838887956
-0.4253592397457013
0.6907848925008788
-0.6459946282745491
-2.485175695234337
1.4672807482481613
-2.570926290616091
1.1107663303199498
-1.5343243034428322
-0.46695111865409167
0.3564683521632553
-2.6607864233557224
0.3217574191941391
-0.282041718966815
-0.8434063448048614
0.8782591326212121
-2.9495975185965975
1.274507940797617
-1.341075359121735
-0.8630171463987981
0.97838027727914
-2.369128013712605
0.7699280983643649
-0.7203270028686587
-0.2223092284295725
0.7043096311153629
-0.5627319583463002
0.6903476497384217
-1.0976221170547091
-2.3223226842672795
0.552386900050601
-0.26633984197031985
-0.024601643477767388
-0.3189933284373552
-1.0898172466810332
0.54593898423213
-0.625915263652587
-2.5373187687855365
-0.28059539608053885
-1.489006456252644
0.5248476749266184
-0.7352157551223706
0.033604420739683935
-0.6174989261149958
-0.6705959316419784
0.26985839749307144
-0.8100377588608849
-0.3166212956604374
-1.0155555949841815
-0.5017801272489948
-0.6954603037059643
-1.1154981696608197
-0.964641293769101
1.0963236404353913
-0.479437800167313
0.19304448447347963
-0.777648029696398
0.3268987154749061
0.05541187465824426
-0.5304461272519931
-0.3087474825081827
-0.9540669714769435
0.6678507738414804
-0.5771248213966587
0.11864286814523328
0.5060326335175049
-0.7812777903809801
0.14465327032818046
0.8134443261950803
-1.0572539221366013
0.19551663616859932
-0.434921700481804
0.2882521233270482
-1.0266277886273139
-0.2761014862841252
0.4722059948505975
0.39358443019231126
0.6674944014469175
0.004457932117023292
0.3720122486518699
-0.3419201441894322
0.4587718699505223
-0.40772090584972265
-0.7368338286325988
-0.7634692295039116
-0.5106351171991035
-0.8634442170673295
-0.5715414833958314
-0.40314119369172974
0.09807060857898064
-0.32376017708557614
-0.8975658501174689
-0.7303580894112959
0.29276790485015486
0.45781465081628653
0.29718524941983526
-0.7291310538521548
0.6225497957694016
1.1459640396732758
-0.48883895357621276
0.3609458664170312
0.22085563207240508
-0.5862061473642408
0.2787746869075863
-0.38971858422274974
-0.9184746648501798
-0.5177181899567118
-0.591087519045623
-0.25768692040472885
-0.21532115894415266
-0.727128409264342
0.6397493718756718
-0.8905353292368017
-0.8680633761511354
-0.3390475951171683
-0.8924794768007471
0.7988428770930154
-1.6616848456531719
-0.8825450505864502
-1.2427208858105294
-1.187705647665781
1.6548278896752495
-0.7556017532273382
1.1830183091660815
0.8143229308651577
-0.8843358385448796
0.7897833044304372
0.2969817623462205
0.7691854234605808
0.5482038150728135
-0.5621979360410029
0.7008141658378971
-0.7689605954376776
1.456313322959816
-0.0937328444818268
-0.22321112159568035
0.34618998823214137
1.218104977058285
-0.5030043662900866
-0.8861228937995045
1.0777921793583982
-1.4360833680710525
0.596655181574177
-0.9492329958581616
-1.2099655961473985
-0.948996219671596
-1.8635212878238254
-0.17131486584256989
0.044607443682074296
-1.9160113303343882
0.9537059694106663
-1.1982285375956325
-1.1411080591696896
-1.6020080032693094
-1.6631249102628143
2.3035826476634362
-3.2158999945360525
-0.37105303171275517
-1.5411490955994518
-1.1350606898095905
1.650060474525974
-3.1745673991565755
0.6647879808881532
-1.543504749975012
-0.3230262357865679
0.4989130886459897
-0.8639760952689032
-0.9531138473594524
1.7176506696477007
-1.3981581296909187
1.6063568937337998
-1.5951381272728622
1.9089799967101932
0.4454963786449896
-1.5342009519676891
1.6098408682484864
0.8252572285325098
-0.5112350217471129
-1.107929886888899
0.29547643498296233
-1.3258266204081772
0.9353249312202745
-1.5035338437872243
-0.08690128086659016
0.25877973471440624
0.08704147726147107
0.017095825718656688
-0.021779760382835706
-0.09875988695243476
-0.8171534558278775
-1.0552885123965734
-1.3111809648515476
0.16861457477142064
-0.4867771100183992
-0.9654548706527131
-0.10436397948210767
-1.4642647164916487
-0.20314086400823841
-0.8135177801687952
-0.12102700457370275
0.5394871501097899
0.44319817895944713
0.9306938538227804
-0.3697577139056104
-0.32836769411390626
0.7438708640759241
0.0886180781969015
0.9203077849391027
0.4383991081609617
0.1059246080049158
-0.44649154970423355
0.7916620171804286
-0.23732917957350694
-0.5433247859354892
-0.520714321992832
-0.5749006759758928
-0.4874065868997715
0.37616760348958234
0.9403094355207192
0.5824087038767316
0.5673841577534442
0.4064134360112557
-0.3785288385233907
-0.03597345629231197
-0.13023886056780754
0.5110702919377637
0.00844003854262021
-0.44803731966126614
-0.11588062131854793
0.5028904860963568
-0.48557755314843887
0.5496076023136689
0.14969566424241584
1.232329312861734
-0.5817824130146504
0.46628738104160955
0.2706946325868893
0.9376448442523586
1.1320825042288545
0.22729720750161642
-0.9311062702044406
-0.6974795329286151
-1.2504863469691323
0.6353040211890038
-0.4024172896613214
0.33071994659601434
-1.4186345845652313
-1.2380812549572282
-0.3125353768750835
-0.4707320887595943
-1.050746272150864
-0.39408036163756355
-0.38641586822658647
0.11549193517352759
-0.38976491316368045
0.8090539047752661
1.0755761017231804
-0.44667835830673436
-0.6243494918368157
0.5142012743183758
-1.1787936326022048
0.8356955631171411
0.30015510544751156
-1.263943400621136
1.4820205156335136
-1.7607753390265262
1.7571971690634036
1.8089983613632838
1.3075217336255918
1.631423736949121
-0.9211629089652265
-0.7413367218274147
-1.0926114601260422
-0.03145984127342093
0.023969391022235827
-1.6970290833091872
0.8443111053281407
-1.009069402735612
0.464266673863196
-0.5437166887646011
-1.8836640016598962
-2.0978422039837334
0.9721274251415103
0.11553009943550951
-0.2833082692768934
0.46964361092869206
0.1080107115016072
-3.0711550365570175
-1.3083620462488164
0.29887001837574395
1.6303503557149521
0.8904454499456306
-4.356542097632615
-0.9079782957034807
-1.7112869044838315
-0.1754855647688715
1.827903832402948
-1.9881313140819543
0.10958035365012853
0.603406646070721
0.6426613357229938
0.21230467904481487
-1.1298147009142974
-0.15719427655529608
1.6214932499905166
0.45329022974519634
-0.7908549743199771
-0.4237533967256026
0.7280587804144022
-0.24975047756258617
-3.8158957570162433
0.1747814280242132
-0.3854770775675925
2.6313721965278267
0.5649569226821057
-0.9936713214636008
0.4368872336005475
-0.3120871782908865
1.8355868870974619
0.7303185044862626
-0.21167017116037048
0.329256338700526
0.08590396061100805
0.5058233781761089
0.4571293863127534
-0.11151213759512649
-0.6661337838721311
0.23748818133307073
-0.32927031956156694
0.5909656241940671
-0.5214959861702173
-0.45072601084889946
-0.3468501334672547
-1.2872403114244546
0.001458506760594206
0.2446214522223658
-1.655949630073249
0.3207405628376317
-0.6748002605013836
0.3885207986720675
0.4317048902628908
0.8519100532183477
0.9410035709226467
0.5904406473271531
0.8966480672784526
0.9952292595340506
0.7182016323175735
-0.8549498714528821
-0.11271259222311629
-0.9159700042942773
0.5716421914614669
-0.1616975699314357
-0.23505795079047606
-0.16487482857848582
0.8767218759953039
0.6736902906721688
0.8334675413545535
0.4457464459566949
0.9429918792975128
-0.13632179672561
-0.9542979048831495
0.7338969353382689
-0.21606397692877488
0.15153354231683136
0.5879671109488147
-0.36904654289099037
0.019417755775493307
-0.8286194602220364
-0.024974128940711587
-0.48115354856250453
0.5595005819246309
0.17746288575723473
0.4819789519165812
-0.3310181327658298
-0.14525287040517812
0.05219399412224879
0.0805317703358829
0.1913232737906913
0.47142956467254216
-0.020199562637968103
0.1038758835704515
0.6538147443188669
0.36192696467387064
0.7243216321932359
0.7791094953962138
-0.3364145721013275
0.4908890013822464
-0.839814138839062
-0.8697105090172729
-0.8803831689300514
0.061077979881800616
-0.9468728006913568
0.6591700649875565
-0.27105764407434324
0.41637626844309994
-1.2374180087164892
2.3964887462002493
-1.404469953117033
-0.4635891882807801
0.3294747486571713
0.4378191024570691
-0.2767409259335139
0.3608986047949954
0.7648297989693752
0.9146944137303356
-0.26146622708541484
0.9560709817076097
-1.2736315958673854
0.05785254477103563
0.9323756168783682
-0.21047245004451015
-2.1911344646766997
-1.9457953476632284
0.037223702245083604
0.14547860998617412
-0.4855240599495396
0.6881638971594953
0.6526813575561274
-0.9987723758840314
1.0565286790138504
-0.7163464102088856
0.9575562794264263
-3.03921518191608
-0.03703618132932051
-1.1342635198942717
0.7979881375220607
-0.7993599410329559
-1.4811694196471734
-0.7078408462622088
0.9205428397565926
0.5835881766700735
0.922245526042688
-3.2588802664822873
-1.0425877950182505
0.8041860731594729
-0.6472679221074876
2.269855494259918
-2.2777027349060597
-0.06424371238131679
2.0393638795579907
-1.8419355364624583
1.8322607482125788
-1.7555950716537299
1.6321104462739797
3.401411646087265
-0.2812579654191762
1.7353151860221887
-1.4917155485923876
1.0956495674792677
2.460298635964607
-0.12632435205118128
-2.1835471442969694
1.1652766466842976
1.4963648331147241
1.620933468856823
-1.2149013929021468
-0.3627934786759321
-1.2463078914314814
1.7067424309018917
1.402864183134422
-1.8317901334117064
1.2024215807054601
-1.7387707103931973
1.2379963655192754
0.9896627980284878
0.36886594736707085
-0.24695450958988788
-0.577832118482579
0.546432952654117
0.928111575413414
-0.14698514613506006
-0.1662139711175811
-1.3758718369935066
-0.39117362771013714
-0.3637533837996386
-0.13052718845195693
-0.8313359704176072
0.34463284544293854
-0.043287192467581614
-0.14903789850937496
-1.4649226340853851
-0.06483262979008772
1.089429712457569
-0.43491345621513355
0.6151580368332887
0.4370413616660364
0.8801898219194964
-0.5875987318193768
0.16241321579168333
0.8358961924231896
0.8874210169023061
-0.3772232489816608
0.7976966571763993
-0.3691621018929897
0.5822689641251713
-0.12365343741516367
1.044159785888556
0.8423039913515845
-0.5725085762624169
0.8016549504597134
-0.1908485990372702
-0.13445471067980125
-0.7958817916106221
-0.9280723793400649
-0.04573416856644692
-1.0113243788419628
-0.02042330199128347
0.24384180640585895
0.009194899079623592
0.21015865379262005
-0.6773483756547876
-0.2719605783168725
0.19304227053885412
0.9932060534353802
0.3325344190550703
0.12775591142713424
0.4474704845354459
-0.32810445131813326
0.42448195385685256
0.40328284589707264
0.3244438544241687
0.6829563511045086
-0.029050005966249817
-0.7568847754374532
0.419938029873226
-1.132814195406966
0.2826903790421505
-0.531442471873879
-0.36198105959342025
-0.1670934369826037
-1.359728940369924
0.7833860388813291
0.4103022948931555
0.43440940438144693
0.33004864388609617
-0.5493252917111361
1.482345849823554
-1.3922089463422325
1.3580439184885529
-0.4212652989381183
0.05402699757877813
-0.5197600764026676
1.889448868295766
1.105435154182796
1.2081390686792166
0.8352165459343587
0.09905236912226686
-0.7596190789240348
-1.9039970459482334
0.4396917508546721
0.45047326651502057
-1.4500138390751527
-0.5135998695326451
-0.7842944918631521
-0.19172297573920274
-1.4608752420462532
1.525065567834802
0.07573489325095624
1.530150950826526
-0.08690634075019057
-0.8987886495802109
1.244022238410761
0.10576058037673108
-0.4512105655386421
0.16325782287510696
2.282459329885584
0.5604513361171158
-3.404767531254798
-1.6949449887231411
-0.867994159816174
-0.5494083219853924
1.732277771194207
0.1331147052062052
-2.2326577645944137
-0.8356250631756645
-0.6283700802540004
0.5216321029670209
0.5624330518825361
-1.4565993051644517
-0.5227462240901757
-0.28719966753978
-0.43720530538919233
-1.3487285675464131
-0.6546904618477531
-0.57555003496081
0.3920044654891629
0.906808771592161
-2.17659545686768
1.9276424955164613
-1.2031076684354012
0.3007341559122846
0.376750344837101
0.5468554981956669
-0.6390917245941332
0.7070547722883915
-0.9793187613564239
0.01072683053449697
-0.7929590231340559
1.5133866619385206
-0.9807708833145281
-1.0964894432444925
-0.5822440072242265
-1.9287865025401703
1.9711369461723933
-0.06052401057351919
0.6732932904975025
0.46829721370460603
0.8804290809878772
-0.029608824424444492
-0.22841260497598756
-0.18372612582268866
-0.7053507443935855
-1.1382392435282334
-0.40709286474114886
-0.5395016428307834
-1.5569915921050477
-0.7306774208166815
-0.40631959281929486
0.4769005245410209
0.8957647682951445
-0.48265614927362266
-0.0331536215104495
0.8270599693630026
1.2227562801360359
0.34043159349048757
0.3505258336724376
0.8293535007385255
-0.6979455708377286
0.6450127290707287
0.08067401184423514
-0.7469276202642935
-0.24356711286899954
-0.14692757080333962
1.196020170197989
0.47281106370750875
0.3347126795662783
0.12168502061050307
-0.40522758902443906
-0.05074775959297967
-0.7663367911412621
0.288639669731357
0.7944412814404672
0.21828755932749755
-0.2658168906123658
1.0941527539973337
0.8479487330476729
0.27840193507901523
0.8716244079388642
0.5493447711373776
0.7104244244979245
-0.6102439136865532
-0.5227248517651907
-0.20648589900071074
1.011431881407595
-0.07510833262626113
0.8842724507460376
-0.9403319304662342
0.20664879332342775
0.7231282681288024
0.6309852556846999
0.46481764779114276
-0.005680614753598939
0.40339539756936155
0.8302327461533902
-0.6502124219681457
-1.1281367222836127
0.6782610861183476
0.17280726599426044
-0.681670638407045
-0.05893878667737668
-1.0033453951560367
-0.23713556894150634
0.7254961454972323
-1.1693533109965177
0.49525863421926136
0.2737084261444472
0.24991046504054248
-0.7169620446606312
0.6067483212615062
0.3778282438302869
0.1727201907872615
-0.11802051465395287
-0.4186157029427656
-0.49880466526298134
-0.06299207794579474
-1.2243877954674816
0.0023515811186155307
0.6541801290578957
0.6326861056817619
-0.5906395015671001
0.1346065763731182
0.34074094079062556
0.35431108352929197
0.025693169780400205
-2.0518889681533987
0.24677600423742646
1.226261111872952
-0.016163451921588738
-1.354100219699608
-0.9198253624920645
2.2429018731159807
-0.7075930596002067
0.09786249784256267
-3.7984972924276383
-2.1939392794141144
-0.07747381432666861
0.583644098638316
-0.9192436288730977
-2.962762995770892
-2.10070763721204
0.5368133283475748
3.0573936012951033
-1.63759714421009
-2.7347977817462192
-1.8487968623457773
0.5179483896759179
0.6240336449194605
0.05314732778719439
-3.256974226113191
-2.9537293421767696
0.4487023589986967
-0.6991867862922958
-1.2378180734337039
-1.031023599365997
-1.7070000426908185
-1.6697815209681428
0.9300912601865635
0.24333049214946412
1.080143200332991
0.2987894977681347
1.2886777243950402
0.0017340862039976358
-0.8575948964861851
-1.1477749638926782
-0.36865401877423476
-0.08573936205291895
-0.9062797289192682
0.5969103696514931
0.6503765942358347
-1.8885084451047478
0.9611732115325464
-0.9048170633468061
0.018873050186974695
-1.5254101732888228
-1.6571761132716993
1.0723834068567835
0.7014765294869643
-1.1326539373647813
-0.19559057949116931
0.023069813127846
-0.15404071152630516
-1.262423129912239
-1.720990677513042
-0.8131389073192186
-0.4721965128006816
-0.5154179059479393
-0.4687036435350872
0.12226232643152106
-0.8402066219198715
0.6318600967226853
-0.040033585285667944
-1.5332566326890686
1.0490681688844483
-0.5809860915364827
0.3776817819467178
0.6000765635017974
0.02840141378072998
0.6149307098831545
-0.5483605465513312
-0.8047778105478587
-0.4852604155817919
-0.43902176352010625
-0.9065343541908165
0.40677469368100455
-0.03773831963799222
-0.7884217039054341
0.46267243770125005
0.9785747393285199
0.8523640193399271
0.9157756996999038
-0.15188649909579688
-0.5700335136831083
-0.5385100409850467
-0.9834838571127507
0.13151399743289782
-0.16499529347871822
0.12325968057866454
0.7294713112854516
0.37256174235973516
0.13243743428869292
-0.7964474563017414
-0.6035187868466634
0.09126321022769736
-0.6322431660317513
0.619283068860286
-0.7426252485542046
-1.0941618679211973
1.1490646802653999
-0.29003209308608824
0.07831945553363706
0.4892255105738402
-0.030235484987006206
0.23758530827293153
-0.37909448904565224
-0.47764192495542174
-0.7808089576245352
-0.011993278762849955
-0.7812196764566293
0.43455694434115455
0.3742988443145128
-1.144068974199383
-0.0582992738082595
-0.6755803940833999
0.4287570985005587
-1.04878948585888
-0.9171606965175659
-0.014705540934884884
0.17875780128398563
0.014722554417825318
0.7712389834029975
1.4768640822049794
-1.5707685858294316
-0.863410408430638
-0.4192975326668824
1.010789162292449
0.5740932629546226
0.6741748265078953
-0.2799830850816916
1.6299708393360852
-0.25070689572257715
-1.4952214990937767
-1.117532397770254
-1.011488534625931
0.9534810110774584
-0.5625543581676002
-0.0971314961888195
-2.7483851689135754
0.8328013295132017
0.46529921919278505
0.04970547823739995
0.7402814257044046
0.035741735454371835
-0.4473853606318223
-0.5424466028929349
-2.192763890978103
0.07703803080852653
0.13253068537606555
2.220937247819964
-3.4503633106777225
0.05367945339230195
1.3239929670392119
1.124721741029915
1.4925253106713094
-3.2779311353169494
-1.5704988828069384
0.6512780747334278
2.2748826503841793
0.39007101642913505
-2.0887952304621904
0.05938468832461016
0.22143404054461815
1.5224528572029543
0.6541137937923859
-0.726776068857364
-1.080889107151064
-0.8560983998230913
2.468149792730505
0.47524854231756053
0.39505083450878836
0.9063733301364622
1.5368091196184457
0.14700408960241929
0.23741585598047263
-1.8588345718575436
-1.5973920445404308
-0.1677204755196692
-0.9840751932653976
-2.2301768110165474
-1.0264400842332502
-1.736377066807277
0.29428175087596165
1.7608375259763887
-0.9479783848779628
0.5551259876157104
-0.1083767696794387
0.004103239973030963
-0.7872009797111595
0.6188693738885709
-0.027228418803692596
-0.2406328126789011
-0.6825752104247236
-0.0796533827410561
-0.2703929146288613
-0.5749873493663683
-1.1295547784508084
0.2526521915257046
0.6538403451206625
-0.42406971744856153
0.9225326099239488
-0.6896225959046136
-0.04366015382421612
-0.30223575073198833
-0.4044864632579104
0.06293848224023922
0.03508743959110853
-0.8920210520344362
-0.11341155544671487
0.49992832482054933
1.0513639107666712
0.3192317905292474
-0.42351262407970686
-0.41622250356853374
-1.109754188904494
-0.4207523599590488
-0.8074281700280154
-0.2761983934302813
0.2994490118707332
-0.05390484761028234
-0.674540600980696
-0.5674885048663691
-0.7236352172584266
-0.7162026613207493
-0.374691578763076
-0.688487469206781
-0.744762904024383
0.5644418634087491
-0.40503655798564564
0.26839128196349105
-0.19953244330652153
0.25522666528178317
0.7956756172809418
0.31197295842826334
-0.32078433588150734
0.7471802592403446
-0.765240005586769
0.8670358759174737
-0.28923824321859903
-0.8207608381813314
-0.5515092108743299
-0.8646366692342253
0.27862195257652156
0.2526697971625663
0.08510761915955044
-0.36720281035811575
0.045314988475119375
0.6871749072871463
-1.148915993775899
-0.14376425942635168
1.4370153506737382
-0.9256965828702279
-0.7330648081254396
-0.6621578174457445
-1.0400045072277266
0.807572434720587
-0.1149710099527969
0.0775226531057022
0.3475172893507658
0.2987684887587284
1.2668482889861181
-0.9917950338819059
1.7271561746293318
0.31684388426960597
0.686674757240239
-0.29580655142770745
-0.5146424329833148
0.20079369328485494
-0.6367731815049944
0.024275770399804015
-0.19060053654473086
-0.8713132348092157
0.19630912497011088
0.4062829974133051
0.49495658384650226
0.1934395800060337
-0.657822397503918
-0.8724842258195931
-1.5740928458263532
1.0946596305642076
-0.46619373074410053
-0.8494231213731662
-1.1601411362937006
-0.14314948662308571
0.5573230715183579
-0.7882863313099354
0.40324161438631956
0.4644593116776549
-0.4611021202060421
0.32928388259843877
-2.733923342689874
0.029694532682556726
1.5334300397508152
0.18219132258946627
-0.2383414832931036
-2.849174511546936
-0.6365454282193812
1.2543063440655546
-0.3570821155900621
0.9945157826476565
-2.625831839786832
-0.7703001194469549
-0.16820078779719452
0.21091788009416923
-0.39875344689245285
-0.1873096504245801
0.5377620774604381
-1.1319819275758791
1.0611539480229635
2.3470787848652965
-0.5073307595647527
0.9353393439361878
0.5384806155433622
2.766587129239757
-1.3211375982527735
0.41052091843380095
-1.2432983264753266
1.0124826007640397
0.4899384035258992
-2.1662421666652283
-1.1345524151525834
-0.7083994593901987
0.4315661045495242
1.552094945431715
-0.7944774050916286
-1.669810234209627
0.15086699992671992
-0.09682309715880248
0.8696095609576602
-0.9584323212672092
0.17085989664272477
-1.0196065669039371
-0.5304113608182237
-0.06758281915301718
0.18490386301844625
-0.1342256334645031
0.18302678559351762
0.30076599101321855
-0.17922601324161216
0.08374638199126058
1.5019711316047932
-0.73933965479565
-0.35760247676577644
0.18503797290358764
-0.014641520727899583
-0.0538892810225117
-1.402540631983053
-0.8618943009159761
-1.0580877381393716
0.3786982584791425
-0.5458159627784175
0.089245613249891
1.203989154527482
0.31870961457831865
-0.8550761152864914
0.3668616807140359
-0.8888659761175988
-0.6946678699768054
-0.2559109587377206
-0.1388750944487936
-0.648756289525587
0.7511317727047517
-0.25573162880002154
-0.060169886829020136
0.9264859379744033
0.1710919133707951
-0.8431322445370868
-0.26156659371756286
0.9610790071163613
-0.17282017813168982
0.7711506029436594
-0.16469907075247892
0.5228947859439057
-0.7504414696585887
0.7990483122877416
0.34990611235095626
-0.9195578478871678
-0.31575904889163064
0.15075570454031498
0.6288111559535539
-0.2407544325963834
-0.03565391681003858
0.7918513675914435
0.5677797666608063
0.6818280652579535
-0.2880050763598345
0.37867114951883835
-0.23725901680615646
0.6263621105891781
0.17325527005672584
-0.32901975762424457
0.8396241636123545
0.20848523447758716
-0.4131816933457897
-0.017211608335669603
0.7630100406958751
-0.5871317711999208
-1.6442711073681218
0.8464244841339115
-1.7696180547373723
2.406527590078866
-0.7962934694653683
-0.23997487504206275
-1.0230437408654798
-0.1949038097032373
-0.007711259882428456
-0.30687796410237494
-0.729887847176265
0.5614571270455688
1.092910308657903
0.3794567640320726
-0.3408900544775442
0.3068614963796178
0.21054340822912773
0.4578734793012577
0.07982260910598413
-0.7231443522702861
1.1301195740182723
-0.12135867445251332
0.16843450938743923
-1.0116746110248012
0.07309395862290241
0.38622288121189263
0.9780381355140939
0.054016569526430795
-0.4485379745611787
-0.6906653195113307
0.6809958146074652
-0.5268521506420897
-0.44167955443211115
-2.2417460918366974
-0.3869728420525361
0.47340751693308697
1.3053051514524219
2.7757823829692083
-0.8626812223254011
1.1440064475229585
1.1703216519758237
1.4770247663623104
0.9076509395518095
-1.8938514419641492
0.41831280866932435
1.2583690232563494
1.3223618825554833
1.0664578991654252
-1.6880411768484693
-0.19938336839566723
0.1543160927192927
0.6802805331413435
0.925145386193556
-1.317359025052644
0.8133170462081303
-0.5156229541313277
0.30221350088994625
0.4514599888874752
0.2042911219667124
1.1191293152643487
0.5290703013192972
1.3662886583679081
0.4194489916970903
-0.7823852660823669
0.7576326151809791
0.03475481843937775
1.6523748421685378
-0.48113089795409875
-1.659555189401237
-0.7663288156525235
0.682389763824359
-0.42018420238873255
-1.2319413590568797
0.8541020995837887
0.27640377602545485
-1.1882008316795958
0.47986193390075216
0.4838290145602663
1.6204696003659533
-1.0511110804198005
-0.10222762069912866
0.41828237101667426
-0.16183091071673214
0.0030951680878458913
0.42364555834785306
-0.8315805676546364
-0.9077851238843636
0.7395283570840347
-0.1610717289357555
-0.9430078182332101
-0.2509568609564941
-0.22794331246001598
-0.007788939522157311
-0.8564902770849415
-0.6574675401440467
-0.2487742212864869
-1.101838764034609
-0.1612016315064931
1.0886309601603652
-0.9378333766036862
0.2553940552180643
0.6354569464248164
-0.8228293226290146
-0.1669646198248929
0.031257004302966025
-0.366257841285899
0.8610955782764682
-0.5000446431564274
0.8791332806344325
-0.41088676801826507
0.8185030489892144
-0.9457573879539121
-0.10201791131126514
-0.9936117173597707
-0.3934539741914498
-0.35648991007358083
0.38916310106947055
-0.8197222399693017
-0.5515711600671601
-0.33176151044155866
0.9583348673904867
-0.11387596340377998
-0.24213655589390032
0.3951108458597664
-0.37026264752025206
0.29692574772530955
0.13384227023147527
-0.80065673197854
-0.6738451297907652
0.22543934425871928
0.15038441300286895
0.792774822298856
0.9400893650456288
1.1544027814335025
0.668542074517408
0.4697222449578895
-0.4951187310710559
-0.35609747303968087
0.858187609173545
0.19589392974660969
-0.22150057713910387
-1.189749408289115
-0.41289893355969065
0.012082211988834933
-0.9570997087644441
-0.3796359720405689
-0.26769557963819485
-0.245366441331174
0.452584591565879
-0.6958011871524771
0.043785669813631266
-1.1726941911510322
0.03971092026801982
0.30529230141514124
-0.3339593515232763
0.7954031072226406
0.16458016287984822
0.3487428166209188
-0.30870059015387236
-0.37321613420320393
0.688636889487066
-1.4209374984941163
-0.05430963552936575
-0.9453701601893959
0.007791976029454699
-0.5158327789875297
-1.5716488153636983
1.088510135070158
-1.8544747338705498
-1.008724229862263
1.2933300708749405
-0.35634590722251136
1.5207583503082611
-1.9321953885113472
0.5776924625779207
0.33642106880004075
-0.5740825281093521
1.3016318133930405
-1.917412757463135
0.43119590305661387
-0.45107325948649735
0.1026247480117711
0.85143667873921
-0.45413432283026933
0.1990815177732289
0.09382228349003068
0.4781166578242715
2.410356855970941
-2.160486213600029
-0.06146797848169854
0.32731130810501424
0.3572073000495565
1.5431546925387376
-1.366064099080173
-0.06816643161488214
0.8322964585860064
0.9905415476458421
1.285845540709382
0.8090238802258495
0.4838676798985762
0.8966282972059498
0.5967829290974841
1.1990650956436801
-1.221451906214949
0.9681002429217228
0.743773715423542
-0.29972689725735363
-0.33745170933950525
-1.399568926002925
0.7261703718435256
-0.3107125407728981
0.6393594757526463
1.106228084844646
-0.3167478410823665
-1.3861233684330974
-0.9676956493316254
-0.8112663483911594
-0.1553660865530347
-0.10234473237404242
-1.128761848127384
-0.7472440940887177
-0.5319582294794163
0.3017153271558154
-0.18369703326670528
-0.7211672563667841
0.6781161205916757
1.171316997211749
-0.09449559776668227
0.248943682383947
0.0994382388110521
0.9848484077848731
0.7413158403042555
-2.0497960318897395
0.4444577256390265
-0.31475084026325617
0.7731566257897092
0.5867669257950463
-0.887174942777304
-0.2134154042263039
-0.8063674080621678
-0.5791171769968174
-0.30640162726094783
-0.9470880250974799
-0.42776412499318833
-0.5313971831436844
0.12060539015411997
0.36817750531427884
-0.21704292067294229
0.09273180315063567
0.9627840629180353
-0.19016240149142116
-0.9002364141417873
-0.5386676195295439
0.4554837844800621
-0.8592791897397583
-0.042888503962227875
-0.5555069524104571
-0.9369032426432771
0.6011578598658378
-0.33359693148466907
0.27201219004741567
-0.4492731998004942
-0.5838806547129974
-0.028809873713841853
0.9387824376777107
-0.11904192064074812
0.2832354292632962
-0.1929204451324195
0.5015689212154285
-0.9538651931996094
0.930978664538701
-0.7359227936791423
0.2520044916589182
0.7815731557930875
0.6837087799996722
1.2183961306003008
-0.7956995328833804
0.41686810393569734
0.10364458626661006
0.43503759996874103
0.018756029906636197
-0.3797139237897941
-0.18311446389671815
-0.4463133908022471
-0.9663148297714802
0.8774897573316984
0.6957128979716262
-0.1503603160372789
0.19004495597446053
0.7957981829216642
0.5620447200681336
0.4733200457147073
0.0589580859760139
0.31872313373366495
0.5935095064952739
-0.33927669647951836
-0.3440339483313856
-0.3368463679064987
-0.11940726491619873
0.729755456560974
-0.08493844010174476
-0.23960532608542867
0.8986837444819734
-0.7551686413440671
-1.1429022944211118
-0.5292393766680283
0.56759380362355
1.462710163129256
-0.546998251560912
0.3218332115753698
0.14844172428652386
0.24374155460716443
0.14011325250619278
-0.4298151517282873
-0.9792338509829777
0.505595032369234
-0.6731781834697845
0.6456241699153623
-1.0501053669874456
-0.8472994329029069
1.2148707619846117
-0.09342859352319499
1.3793550662824352
-1.2565387633388516
-0.9493381170192763
-0.04823254100863734
1.0576825581828526
0.694511157855988
-0.45604046763909684
-0.4857541991787219
0.03539381538310297
-0.27362992358866833
0.8659705873174935
0.052681682275413616
-0.7006757702681866
0.37274425169087794
1.3503934005296532
-0.06802476618898744
-1.0334026596471253
-0.3245005900364508
-0.3995063752926137
0.9136090472318005
-0.16128937238250315
-0.03268274395172645
0.017314321584590456
1.134201703334196
0.015111682007498373
1.5611851688171339
0.38463837346714264
0.4294565689248692
0.09387336286316561
-0.21199471155735677
0.7891975149619895
0.2979250919799825
0.17421859171714063
0.2951241210121328
0.5593184968416594
0.08017463472587284
-0.34122964736273875
0.7288142780188706
0.15102784877478645
0.0638475841036016
-0.2653584303758191
-0.38774768202208354
-0.435309683089978
-0.46904028014906196
-0.18061222944241787
-1.907807714783906
0.09096072186880534
-1.0218542241961905
0.08568401170139398
0.6707793026215045
-0.7317257174857174
0.8591775186918779
0.6292169159692814
0.16904790054829377
0.7294448952540981
-0.44675573592156215
0.2926628481280869
0.16761922970553697
0.8253340484384248
0.9820921084802652
0.20810296467152511
-0.17190621847157095
0.16333088842388896
-0.5591497084117487
0.3593189532296581
-0.6729402966825255
-0.34015176526240687
0.9468961831000231
-0.248806839567842
0.12273885175511245
0.5989796093816333
-0.7895154523384862
-0.7275135971230822
0.9819504475385398
-0.23259483497391614
-0.6007317246166629
0.8625424469303123
-0.5149897035405946
0.7399756457842112
-0.9788783169469907
-0.5869171128830527
-0.40098856287192075
0.2557272398701075
1.0519721540683233
-1.23930515436957
-0.7291742102361657
0.8912349869983179
0.7311500480115718
-0.04383980025368059
-0.24175263346102444
-0.8304323076608721
0.6177835071019963
-0.9186470714893622
-0.7057702792478387
0.4672014713073514
0.4903035888509098
-0.2729283603470743
-0.8283411187152585
0.23522519355507726
-0.9245450911198637
-0.6377955011499096
-0.17472059066872203
-0.2849557596572823
0.7856807617685263
-0.2615734213248312
-0.936633255931924
0.2150005033382208
-0.1289533395592562
-0.4067176487161554
-1.1187370069687705
0.7585591105173929
-0.4817886746515777
-0.019304514919195468
-0.3877298025085887
0.0017260629436133138
-0.7955169297952734
-0.5032361063428188
0.4824427687872148
-0.4151523543777336
-0.37754615730523916
0.21750977346268596
-1.1479206607145744
0.04694229113804721
-0.542880063737295
-0.11787355559167363
0.07323576390727363
-1.1242785204201184
-0.07433042307029347
-0.2618450598032536
-1.344311450600517
-0.2646269231317236
-0.1345175909530808
0.5472199952507832
-0.8192229475664896
0.4466038734895791
0.16327750348501657
0.13196623825758622
0.7779619794917576
0.45186578312828735
-0.06626140481928157
-0.21214581444268643
-0.596713655194494
0.4578995585363222
-0.890932053725219
-0.9004186850825974
1.0552292847629072
0.10146121885896471
-0.08298140412203578
0.868821919824259
0.6494237565852498
1.2522591785158137
0.5169527238432786
0.3996192747347848
0.8812332737376399
-0.6641802910118316
0.28788302746109734
-1.2472054092436153
0.1250122964684658
0.8247963144931272
-0.7077434474380526
0.9780861228080903
-0.3169758493279347
-0.9133252853321907
1.2035225100608558
0.7025394582187833
0.7170536920544394
-0.7369015342874795
0.4056196289983115
-0.013266122279023268
-1.0465123939879168
-0.7341280413491607
0.38089063648986377
0.025726985309729247
-0.2422812975086076
0.9155733353733717
-1.6640185663469835
-0.6988770474650322
0.22481485107028046
0.00047456303361140067
0.9575651372663878
-1.1341019138850779
0.5646296722645604
-0.6151105811050418
-0.333834468569188
-0.14914261630823544
-0.9855455650562687
-0.042833958772513885
-0.26919429288365804
0.21339636222407865
0.17128975439713578
0.47693877406
0.7940383203847308
0.16134154783908025
0.9335856398160681
-0.5935369387230857
-1.2828498167882734
-0.4595153963055282
-0.7580236450033201
0.23765881191998944
-0.057201994198231916
-0.5720203446289515
-0.7542238888669779
0.5207761597295671
0.14656325763202038
0.3703171731472894
-0.34551159763156036
-0.8270666166149023
-0.3801758481904369
0.41163780340631395
0.592429929001342
0.9208435798272214
0.210200212386207
-0.767459528987787
-0.2821824518332985
-0.24273313158793197
0.25085497400906287
-0.45492071137221535
0.23033256908603206
-0.6509577424265254
-0.9846255614843265
-0.049664184536794
-0.697672204706508
-0.1799456369982868
-0.030236090279285754
-0.7848187470828016
-0.12782069192266143
0.6471231901025687
0.9526474813278007
-0.9591403491004391
0.20579751452089412
0.0454869136699938
-0.8754485815619855
0.31660067683025916
-0.12928671851121942
-0.9193853852215743
0.676422940187561
0.333400289109282
0.9844636034499319
-0.5282520537345163
-0.814521118396724
-0.16081838421028577
-0.894087923908711
0.8734124368543035
0.6605383440559554
-0.9253625466304489
1.249091879372716
-0.6183766582258521
0.0057943587684281764
0.8030806092929383
-0.9595323732964094
0.5348530700904989
0.7481135224680743
0.4650143521256514
-0.37614138498904065
0.6397407565567019
0.5762789795486719
-0.41801324746382934
-0.18601697064683434
-0.8692795808553851
-0.20206888424087888
0.13365465957417352
-0.5043193193414311
0.7345634728031849
-0.8831013454227187
0.7857603608027287
1.212535501284615
-0.9763701186005682
-0.06292154243336026
-0.9009788984620067
0.7392170911319823
0.9577587532656137
-0.7270633011974921
0.6057844944417636
-0.31493033508593643
-0.03387756941808151
1.1399831510471696
0.639916881855012
0.6910494678276471
-0.17020791370766455
-0.8855137943709294
0.6084351348498739
-0.4531545553884665
-0.4099597377603715
-0.653301861238883
-0.1660891087828429
-0.37167604141656874
-0.9850344494442269
-0.4603667902055855
0.05960566560181928
0.060958749075135654
0.9863988019214137
-0.28670309272181593
0.26004593265717374
0.09617570002698307
-0.5465097812460564
0.22673762411890847
0.5124510392948234
-0.5733447262507929
-0.6073226587123739
-0.7193736909544207
0.4028474371537215
-1.1055757189711704
0.3193162318748534
-0.19532064256801526
0.7694894709727045
-0.4605277277212424
0.8424677403761068
0.38389320441090585
-0.02932957403753341
-0.5364781362620589
-0.13393598658175818
0.14351819322375745
0.894080748674828
-0.06300829464301021
0.6935470946300516
-0.05602585189215823
0.8570900275207444
-0.6174962334051465
0.02473292196076847
-0.20236054007597815
-0.9121911328283774
0.2954306584720405
0.24910439001409224
0.9983644006869303
0.8449249524361689
0.43495375785158386
-0.6057760736264141
-0.7471971012783382
-0.8825103178784359
1.171761709046137
-0.44111943854408997
-0.06565091131353969
-0.27373372671354956
-0.45648595250592766
0.20373201970085145
-1.032756578754694
-0.7788347463536904
0.062187975905010046
0.6404756469509651
-0.12395957737507134
-0.9238204876569077
0.13740805621976052
-0.6453327538733612
-0.08313991108917218
0.07463773183923972
-0.6846412776191266
0.10971272344812655
-0.2509052547779427
0.5098192696392696
0.6785739379538043
-0.7779499382420392
0.30828744551233833
-0.6509411780413084
0.16021772851177274
-0.6872180855678618
-0.6952484388973494
-0.9867436346188172
-0.2970672593896839
-0.47729821667085104
-0.8460604923404409
-0.16382969240456124
-0.7426800896072134
-0.29094122324555793
0.7103710573372108
0.047713992330041144
-0.4582070014263553
-0.1999818143320906
0.2984750043163662
0.07455853999282014
-0.7188356174809305
-0.8909798511191216
0.13425982333441788
-0.21986092514290956
-0.7607787128213948
-0.5875934443355801
0.768723383056906
0.05263864659181694
0.49803216034979236
-0.44029346252994594
-0.0038128315783996225
-0.8086008703633438
0.3442580511305262
0.9381799912116926
-0.8737448631515587
-0.7549399423194645
0.9456069393317559
-0.8494835322642003
0.41924640556222736
0.8752952100566278
0.2754054409008283
-0.08725938505869876
0.2766898268187558
-0.47477924622864
-0.7097647002077929
-0.5559775828927012
0.15832239714433352
0.8976875108577927
-0.40499401752328956
0.23490668406211945
-1.0921691682141141
0.5146881053555261
0.08526157461976037
-0.8590163596457596
-0.6323086528632689
0.06300272654765726
0.819514601511383
0.8391160044929761
-0.48806419633464637
-0.4990737436459833
0.7802384530157804
1.286336465600841
-0.9367379447006791
-0.029486446363211405
-0.6229982614057584
-0.5681292298424784
1.3809018069173102
-0.7856340234591019
0.18412710457484027
0.7873305257236795
0.6220367551737079
0.5510743475333176
-0.9898055985497578
-0.09096581941250381
-0.026416760552752848
-0.25787194263217
0.37918933317034814
0.3684418831217513
-0.9011996622073117
-0.21537652746958846
0.8947892232341431
0.13767386645878782
0.7405720536440947
-0.0037001654458059807
-0.1382537098417005
-0.6766205355821614
1.2655790544631473
0.9236985656902361
0.6922018990198242
0.35830250676127967
-0.9121309316349013
1.190410149297262
-0.7496143980505531
0.4125703542831296
-0.09985288482399778
0.08203994823404934
0.4270503284386604
-0.6519131191177714
-0.9716026989173265
0.10161203821845054
-0.7201477791424804
0.5618341362192874
-0.9591860791118527
-0.6871315266224642
0.8764288357953491
-0.24709230199157325
0.20689429981298535
0.37341725663281816
0.17090582268556398
-0.5466305516153145
0.7543740274549404
0.7555258993314087
-0.7569246123333442
0.09481868692327722
-0.06659948866379262
0.1830608766963346
-0.07760655014109649
0.4224144698851356
-0.7294831522735438
0.23653004269238256
0.7423176061310893
0.45355311247417585
0.2367464375427832
0.6113312915014225
0.2137844647460358
0.2958565317822809
-0.8907455943694241
0.15810986502858007
0.48924267337329863
0.06344925451461964
0.2676117392025229
0.14280209658932777
-0.7966840064761009
0.5336754632821396
0.13257823849445405
-0.6694329600281552
-0.8025006429350867
0.8478455852116336
0.6762803447450318
-0.3857225581341339
0.11978587923843875
-0.7615056021339415
-0.3548237217827406
0.051178241572181316
-0.2724458852174432
-0.5467988145590046
-0.07462672359806133
-0.25427116506305203
-0.46510602658683786
0.290217999169855
0.06839456985160908
0.9676390904477057
-0.3261400434873454
0.9389610905598327
-0.467402799794574
0.7695784718195366
0.0013747830437558228
-0.27730303138492984
0.9943392699669067
0.16026432140671543
0.027466459166780588
-0.2231731813134641
-0.9222390531374745
0.2956469857109969
0.14669154474042823
0.5744705905360556
-0.47542874254318956
-0.4974490812553627
0.32678543191722587
-0.632116804252129
-0.324663488029324
0.8459743767842478
-0.6325753392732205
-0.3555852508230073
0.39074904857124215
0.9126250102716038
0.9793312440731232
-0.9602912898789226
0.07395266835562375
-0.8422800553855154
0.18219255470118156
0.11686105865178464
-0.5864627846241888
-0.9223926955565176
0.35078382420732557
0.11512273528644745
-0.12456174163507039
-0.6778325923022455
0.47924952595674
0.09968759232611246
0.8032070087145811
0.6465447530482047
-0.3712735982503643
0.4245465929589922
0.8033409666272455
-0.7926119745876914
0.1061483626965245
0.02206635698136572
-0.5068465772102582
-0.5242345610253613
0.4235887379386743
-0.2659592222206432
-0.504702084072095
0.5242582198217831
-0.0033169641074524995
0.021826106508671398
1.089443113142037
0.7474841964700796
0.20894914314176116
0.28482395807867805
0.7358065371304349
0.7450447382847747
0.8955438323012508
0.6337163236924885
-0.06278012507616086
0.2449080677091532
0.6181228730717301
0.5552504349713347
-0.24174990721788658
-0.6956888730216065
0.3066802330403285
0.33562809073939676
-0.7826598589219571
-0.781646661128433
0.918941682331844
-0.9003736322145995
0.8036488335948491
-0.8523244652526141
-0.6921147784907715
-0.7097983966429025
-0.41622062849865404
-0.7487518539664035
0.08683579142715203
0.1870960002004467
-0.31811338919701665
-0.9939968063530846
-0.13920355341037255
0.7037713061043345
0.3292409349243093
-0.8619713622138063
-0.6680978691516084
-1.1507547042650401
-0.9073763448938708
-0.7545672254749598
0.38734019703561723
-0.8072009497732435
0.3103633652466516
-0.8328819544726487
-0.8854968450652356
0.3704779085275891
0.6059395794097733
-0.12218366471142339
0.9256638110881465
-0.7453790388737893
0.9891396214419648
-0.5548453225703673
0.6042518713540386
-0.9665249653562378
-0.8746931327795469
0.37677249287457926
0.007388515938348217
-0.7036778314393737
-0.3516186245783972
0.8718299492849482
-0.8226342526360144
0.9721356442125175
0.09561122749637985
0.1633105695282442
-0.8480081846614254
0.7915658040044313
-0.508793670120069
-0.9963077232855837
-0.46526351941087607
-0.9421558249844366
-0.5383102335271139
0.614527092437986
0.5092931799635696
0.4548704255775775
-0.4425801339013107
-0.9789935544316899
-0.9287300711818167
0.40418284512447755
0.1266344355107425
0.3290545469658184
-0.15995811990504305
-0.5812565013994346
0.35857381748283346
-0.9255658638969957
-0.924022122437927
-0.7823542862832922
-0.1248880903893621
0.7622564529322162
0.3468222681754596
0.5794045212314338
0.16734626671553565
-0.7161376338846894
0.475696074296859
0.03683202278396469
0.6854452338890791
-0.5268998457979706
0.845798694297659
0.21722080689005296
-0.4737026359065115
0.297625807335266
0.2183417755024215
-0.5760433878588556
-0.0055254836887195236
-0.48104201623143505
-0.7088061271837953
-0.173236651154
0.19692107061930808
-0.9501184692897398
-0.32480174908872095
-0.38124022174468597
-0.7033815600839233
0.40232379868399026
-0.3092124049172935
0.5516336190743825
0.5239792414523039
-0.24484826848230856
0.4720460748556645
-0.4797166157916608
0.9941428585324932
0.3063162422240484
0.7053468988388678
-0.5316691285876132
0.5915007150393248
-0.09863180940460037
0.24487589360883288
-0.7637773161413157
-0.8969367930771464
-0.15646617772410432
0.29013890951082
0.6819708672469562
0.9087890719143201
0.3128612936841295
-0.49629157261977475
0.7128240290562584
-0.23734621322668215
-0.4233772589792353
-0.1425762809731983
0.9006567756399251
0.9968734509576025
0.8818398897503441
0.07819170509059958
-0.8986703744081308
-0.4192523530768264
-0.2759874789773369
-0.7515620459665142
0.6312386904322396
-0.9006937627460039
-0.6441918131327957
0.8919512559539495
-0.889115612855957
0.21436470412223585
0.31494334703905236
0.9819697338246487
-0.28558371470279487
0.3433360521591178
-0.4390696182862661
0.5347917816018277
-0.2448136334259532
-0.9877308826400659
-0.7517469727478554
0.33790510601998136
-0.7207664219717655
0.38060648529084506
-0.27486700605974623
0.42297002660067107
-0.31103077185055183
0.5400101459086832
0.11823174748616383
-0.3208884827246683
-0.5408482667595129
-0.05057839063015157
-0.5875170223220618
-0.2279614740925573
0.41595740592433894
-0.49170274113109635
-0.8857522968108098
-0.9812768452465914
-0.23843329348326092
-0.27900894673223764
0.5919941387325316
0.8001441183765963
-0.5005851781623989
0.39764314541729395
-0.8998986521297061
-0.46604734690249483
-0.4213781048073961
-0.5934371682729946
0.4542586482882067
-0.6339149137514475
-0.9546067445766497
-0.9090998659611929
0.07801963929157196
0.8268352789300824
0.2618167532130231
-0.5758206011499591
0.9265968836929261
-0.327796679366013
0.40830856287944806
-0.802707237151846
0.5082172710198014
0.151436494824726
0.6520382311901431
-0.5230986941599514
-0.417737732443179
0.009743675135069463
-0.5348834935365805
-0.9552050002531529
0.6816809883834367
0.6173832426645316
0.7665430479112356
-0.29741044090996227
0.5686167043117365
-0.03308200254080451
-0.9918865627509943
-0.9966676506134828
0.16291323586959106
-0.23165734223205692
0.13647946096936003
0.5305533905460629
-0.46133646974006304
0.23390364970494182
-0.9473198448496527
-0.7847992926543945
-0.22265387169052397
-0.012973566119740099
0.6797936251623302
-0.5329137561047321
0.3197022836867587
-0.896249834744208
0.6256292345567036
0.31021271094146474
-0.0688007624125273
0.32946601750175564
-0.5209277683326763
0.778821481834727
0.4429923043092512
-0.6270179331641959
0.6539379964968304
-0.6525796982289651
0.6344977549380444
-0.42757744865865477
0.8502352164934432
0.9555199195618371
-0.5623625554592468
-0.6781563381045272
0.10127952943394702
-0.007796284826776301
-0.11516214267368974
0.04455510399017282
0.07098096652830921
0.3968624465591337
0.9219796498254813
-0.3168427307763422
0.36665464080971377
-0.8041954105717166
0.8900265841246722
-0.1610580665857151
-0.780220733316114
-0.9322754172633798
0.34871933757478746
0.2624538438610242
0.2401102206776271
-0.47344686284704274
-0.193149116263581
-0.9009236730560957
-0.7709471183722767
-0.36102225514206854
0.018397079043352083
-0.1362574926805289
0.9330930241163153
0.020975183789341934
-0.6637923890080202
-0.612772583674067
-0.37243979144204076
0.8057896534028497
0.46044070887219535
0.680448764858615
0.8088067093011744
0.30164338462952833
-0.27544719620622726
0.6144975161510178
-0.4773589448023188
-0.30844108326002506
-0.7778795924848132
-0.07339839566116946
0.22838818113428383
-0.31625698194997276
0.9525211440034249
-0.7627084221908429
-0.6931459165587024
0.054347994301944036
0.6100231120716204
0.5208249642834546
-0.7153065879567848
0.6705279729679834
0.54730979236007
-0.22520982406969137
0.9542328182407598
-0.8876022063680842
0.9719920697531954
0.9823169907883107
-0.31479587921777075
0.3689782912061881
0.5903050168976078
-0.2760673091463657
-0.6885242959726934
-0.07439681066006743
0.35121550592101247
0.4999393225935347
0.5401660648872748
-0.6173154720486573
-0.33746258232498727
-0.27726245797206706
0.8533857377240028
0.30521348739034115
-0.5861772256271875
-0.13241294256423597
0.13678500975499897
0.8692035277399113
0.033095524693107725
0.053742695211934643
0.4024421140473544
-0.8330108749370453
0.5782474257646575
0.45761280871530485
-0.7091267919795934
-0.3493869198734454
-0.6975407486402954
-0.31541584468865547
-0.8459855316821945
0.007962357227918604
0.772379792044098
-0.35433613296465216
-0.23126835666112644
0.8155774495854886
0.05955783654587443
0.9807709544446312
-0.9752375284930401
-0.7015049066857928
0.1053218448745743
-0.19079136895917514
0.8188146079950813
0.8415985472081244
0.5251022797431573
-0.44872959633909293
0.06672920652660341
0.8308098053290298
-0.33138925181442747
0.3566689686508151
0.007016290940783376
-0.5146694749621539
0.0947276796448473
-0.8269521188455389
-0.6656402629774751
0.9168391059371219
-0.7942051880454144
-0.785951135808876
0.1286888827799917
0.9718650403005804
0.43873967599796515
0.31384048483558
0.3830802016382804
-0.46634820980664093
0.7701372156871218
-0.899517096204056
0.8761226776802407
-0.7897992943321124
0.9567326185438834
0.7615331160518264
-0.9352733222053837
-0.025326323949754537
-0.13750563366395396
-0.5989457692182787
-0.7950720422276325
-0.09949912939323702
0.01648360294771334
-0.9118830970033032
-0.8614971087364396
0.2597148687694677
0.4102983154044695
0.05280696690986875
-0.31275316832296585
-0.8333937137194054
0.8751100863293946
0.3070536972970801
-0.24182384696500225
-0.450109076593151
-0.7921673493445076
-0.37911005779071405
0.17459178386097296
0.4432807565925827
-0.9787353003115529
0.05389946795133582
0.004388053167762029
-0.8516322509475802
-0.4318214945913441
-0.20898252921243254
0.840360259802277
-0.9497197342286845
0.0034164608951148256
-0.2695152269185461
0.29875041377117006
0.76771137136265
-0.00719151860625189
0.8413608434154205
-0.13493435474035897
0.5805333903084595
-0.9694115802652459
0.49425019225943045
0.24965743428482257
-0.3045580586240837
-0.9952956059878797
0.18524530614671897
-0.7546339789617686
0.3712168316703959
0.1057947575998992
0.6338841625603822
-0.4777427641129033
0.7924560880118086
0.7272818452064751
0.3958200987043825
-0.11631325124445402
0.1682926991094691
-0.6339932300395199
0.43157139142878687
-0.20205058077005233
-0.673250515510835
-0.28526213489178986
-0.1885770837706897
-0.2703698971086792
0.961536015852479
-0.6962484934298563
-0.22403883170062056
0.18878832189882933
-0.5847856805607663
0.8392924446188652
-0.1722685786945355
0.9042994009498548
0.7161314177460185
-0.8030492068503261
0.7333572626851372
0.8739727539948168
0.20206873509991863
-0.4788830481036117
-0.3247384298547573
-0.5327637917216956
-0.9038600953973122
-0.04152467933658022
-0.09998350796827649
0.6682823802483948
0.4870852166252493
0.8767068909160911
0.09031505533191275
-0.5979555445109899
-0.13141766397124344
0.28334684007666966
-0.4002487236186987
0.809020411078059
-0.6935039891672596
-0.9833036212867383
0.5747696301010361
0.5672005251360115
-0.06612874552620984
-0.14585830202671457
0.9554024529652738
0.18096280705280288
-0.8495779072268173
-0.6473572028450463
-0.43585124615389725
-0.7879787131769203
0.9643243260405934
0.5866458098688256
-0.15832566004742765
0.5644583195175878
-0.9968950795921423
0.003108066098632234
-0.8362392798050782
-0.4683369790846421
-0.14924935532437877
-0.22350657462745938
0.4851624594486794
-0.003961098416549902
0.6676943834002742
-0.6848227838079362
-0.9567808082925326
-0.2194993934573921
0.1430672111398279
0.41267494356064693
0.08399494409979669
-0.10439605443710631
-0.13430420260745435
-0.2413191632367988
0.6275460316062611
0.32639998964367556
-0.38567119799016414
