0.0508
-0.159
0.0013
-0.3196
0.2525
-0.6458
-0.2232
-0.435
0.4085
0.349
-0.8036
0.4299
-0.4339
0.6219
0.4942
0.7819
-0.5739
0.2874
-0.9158
0.0198
-0.0271
-0.7721
0.6688
-0.469
0.2817
0.9574
-0.139
0.7754
0.6486
-0.1064
-0.016
0.5361
0.1757
-0.9727
-0.7112
-0.6843
0.0427
0.7472
-0.7759
0.5939
0.8045
-0.9749
0.1659
0.4983
-0.2494
0.5045
0.1994
0.5654
-0.7368
0.0588
-0.8133
0.4894
0.2692
0.5111
0.5678
-0.9408
0.1849
-0.354
0.4666
0.8333
0.3584
-0.7462
0.9861
-0.928
-0.6684
-0.2494
0.2099
-0.8335
0.1664
-0.7742
-0.2882
0.6816
0.482
-0.7876
0.2653
-0.2705
0.107
-0.3486
0.1195
0.1493
-0.8775
-0.6868
-0.2093
0.3983
-0.8965
0.775
-0.0829
-0.8888
0.7863
0.6783
0.7524
0.2485
0.8315
-0.6949
-0.372
-0.6562
-0.1574
0.7019
0.7023
0.6643
0.2742
0.9682
0.3454
0.9569
0.1356
0.9995
-0.2527
-0.8073
0.9942
-0.0491
0.4443
-0.9576
-0.7936
0.249
0.3761
0.2274
0.7852
-0.3313
-0.366
-0.2856
0.8152
0.0245
-0.7574
-0.7983
-0.5615
0.8548
0.2896
0.3672
0.2298
-0.685
0.3106
0.2136
-0.1519
-0.6866
-0.5485
-0.4464
-0.51
-0.9216
-0.8259
0.5435
-0.5467
-0.5071
-0.4451
-0.412
-0.3853
-0.2406
-0.8501
0.3003
0.9008
-0.4779
-0.0793
0.998
0.1321
0.6443
-0.2159
-0.3262
0.4662
-0.782
-0.0846
-0.8752
0.6473
-0.5159
0.742
-0.4671
0.2657
-0.0636
-0.9014
0.5488
-0.6544
0.9947
-0.7623
-0.8615
-0.308
0.6929
-0.2748
-0.8216
0.6686
0.0139
-0.4185
0.2921
0.5472
-0.1624
0.5683
0.4571
0.9973
0.672
0.2942
0.4282
0.2351
0.1476
0.9957
-0.2582
-0.5461
-0.5505
-0.5419
0.7268
0.4738
0.7006
-0.0368
0.4686
0.8949
-0.3547
0.3348
0.6857
-0.045
0.5481
0.5041
0.9487
0.6924
0.8651
-0.2356
-0.9232
0.5807
-0.5266
0.9811
-0.9636
-0.5821
0.6073
-0.1247
0.8582
0.3728
-0.7698
0.0324
-0.8763
0.8229
0.6704
-0.7772
0.4578
-0.9006
-0.807
0.1172
0.6647
0.8009
0.7253
0.158
0.3039
-0.3673
-0.5516
0.3128
-0.0387
0.1051
-0.5415
-0.4928
-0.4972
0.5654
-0.6129
0.0848
0.4374
-0.1999
0.6888
0.1676
0.681
0.7136
-0.635
-0.8194
-0.3027
-0.7055
0.4023
0.656
-0.1445
0.2351
-0.9799
0.668
-0.2344
0.5917
-0.1043
0.1047
-0.4463
-0.7141
0.2895
0.7125
-0.2199
-0.1594
0.1294
-0.763
0.5703
0.2266
-0.9403
0.4014
-0.623
0.5831
-0.9838
0.2996
-0.4669
-0.1121
-0.4154
0.8868
-0.3129
0.9962
0.4883
-0.2099
-0.8735
-0.787
-0.1121
-0.0555
0.5588
-0.9759
0.1128
0.2131
-0.6292
0.9019
-0.6893
-0.036
-0.5508
-0.8852
0.3446
0.3507
-0.3373
-0.9767
-0.9179
0.5711
-0.7356
0.8389
0.1869
0.9471
0.088
-0.997
0.3903
0.5871
0.4128
-0.0259
0.1591
0.7673
0.6381
-0.3031
-0.0072
0.7843
-0.1032
0.9525
-0.4945
0.6612
0.3165
-0.5319
0.1998
-0.9248
0.4645
0.4926
-0.3107
0.6388
-0.8627
-0.2724
-0.8496
0.9332
0.8327
0.747
0.9453
-0.3861
0.1544
-0.514
0.9008
-0.333
0.5105
-0.3245
0.8934
0.7518
-0.5271
0.1777
0.8457
0.5169
-0.046
-0.7328
0.6786
-0.0745
-0.927
-0.652
0.2474
-0.382
-0.3858
0.0249
0.5527
-0.2215
-0.7211
-0.4972
-0.8704
0.5585
0.1827
0.377
-0.9238
0.9398
-0.8786
-0.4725
0.3388
-0.6431
0.2911
0.3276
0.8809
0.2242
-0.0744
-0.2972
-0.7207
-0.925
0.6986
-0.7113
0.3553
-0.6301
0.0608
-0.9751
0.6846
0.9269
-0.9875
-0.8857
0.8873
0.5643
0.6094
-0.7658
0.3181
-0.1632
0.8432
-0.1109
-0.7205
0.0534
-0.3288
-0.9727
0.8007
0.1706
-0.1298
-0.2685
-0.9386
-0.1276
-0.1817
-0.4457
0.401
0.9995
-0.299
0.5169
-0.1287
1.0109
1.1289
0.9636
0.2052
-0.869
-0.8684
-0.2375
0.1753
-0.5469
0.539
-0.123
-0.2288
0.382
-0.0291
0.9577
0.57
0.0981
-0.3668
0.7747
-0.6733
0.618
-0.575
0.7104
-0.3481
-0.5718
0.1878
0.1123
-0.4175
-0.1948
-0.6477
-0.0891
0.9092
-0.1621
0.9301
0.2295
0.968
-0.2995
-0.9034
-0.4591
-0.8804
0.4801
-0.1835
0.7329
-0.0297
0.8994
-0.0843
0.5051
-0.5219
0.7049
-0.2357
-0.0332
-0.1344
-0.1625
0.0234
-0.0627
0.7907
-0.1441
-0.134
0.5643
0.0536
0.228
-0.0863
-0.6298
0.7211
-0.6585
-0.2534
0.6295
-0.1729
0.2439
0.5055
-0.198
-0.2227
0.6007
0.0757
0.6911
0.5505
-0.3625
-0.9937
0.8209
-0.7556
0.4502
0.1924
-0.0613
-0.9444
0.5071
-0.488
-0.7206
-0.9124
-0.2748
0.6238
0.6877
-0.0594
-0.356
0.0537
-0.6818
0.4767
0.8998
0.7262
-0.9521
0.2293
0.663
-0.9133
0.9667
-0.1772
0.3094
0.2494
0.8783
0.0557
-0.1929
-0.6286
0.1922
0.8494
-0.4594
0.5527
-0.4793
0.1889
-0.7181
0.3423
-0.0477
-0.9667
0.0675
-0.8024
0.2389
0.4967
0.5709
-0.4298
-0.6905
0.0721
-0.4976
-0.3667
0.1323
0.3408
0.956
-0.1271
-0.225
0.9132
0.1466
-0.2794
0.8225
-0.3147
-0.3894
1.0935
0.3165
0.5856
0.3951
1.2434
0.129
-0.7959
-0.81
-0.5795
-0.2647
-0.3506
-0.6895
-0.1745
0.7899
-0.4478
0.8698
-0.0968
-1.0102
0.0157
1.0701
0.9632
-0.6625
0.5278
0.4775
0.9336
0.0013
0.5993
0.1055
0.7888
0.1408
1.2409
0.2049
-0.5715
0.1803
1.1995
0.0052
0.1872
-0.3506
0.732
0.979
0.79
0.3327
0.4801
0.3588
1.4094
1.1752
-0.2357
-0.5066
0.9951
1.3993
0.7569
-0.8035
-0.8271
0.877
0.038
1.3078
-0.3374
-0.5495
-0.6091
1.4906
1.3011
-0.0157
0.1479
0.5313
-0.0734
-0.7461
-0.5634
0.6399
0.9855
1.0682
0.2161
-0.6385
-0.8218
0.0412
0.1406
-0.2422
1.163
0.7761
-0.6454
-0.2107
0.4379
0.2885
0.0705
-0.4376
-0.4934
1.0261
0.884
0.4901
1.1501
0.8593
-0.0638
0.1325
0.902
0.7095
1.0374
0.2891
0.0644
-0.7316
0.0172
-0.4087
0.3709
0.1682
0.0978
-0.797
-0.4306
0.4197
-0.1436
0.3349
0.6605
0.5154
-0.5328
0.8341
-0.3373
0.296
0.6418
0.9948
0.3752
-0.6516
-0.5898
1.249
-0.4726
-0.3978
-0.5968
-0.5883
0.8045
0.0064
1.2189
0.6761
0.6364
-0.2665
-0.8491
-0.4002
0.4863
-1.2909
-0.085
1.345
-0.6857
-0.2935
0.5642
1.658
-0.0397
0.3043
0.0919
0.5497
1.064
-0.1823
0.6002
-0.8292
1.2332
1.2167
0.5966
-0.2151
-0.0742
0.337
0.5413
0.7792
-0.7327
-0.076
0.153
0.6732
-0.0822
0.0862
0.7807
0.5871
0.1501
0.5054
0.4218
-0.0694
-0.2757
-0.8696
1.2845
-0.2551
0.7053
0.0247
-0.3854
-0.2872
0.0903
0.2985
-1.5451
1.0113
1.0513
0.4928
-0.6329
-0.6026
-0.0957
0.2882
0.6123
0.8406
-0.2566
0.4428
0.7327
-0.43
-0.8276
-0.0529
0.8511
1.2882
-0.3778
-1.099
-0.1814
-0.2777
0.0939
-0.392
0.2818
-0.7586
-0.6719
1.1613
0.2783
0.3929
1.2869
-0.9133
0.1435
0.0433
-0.0773
0.0278
-0.6808
-0.4393
0.8223
0.1769
0.7926
0.5016
1.0323
0.1948
-0.3785
-0.2346
-1.0825
0.4366
1.0559
0.2599
0.4107
0.321
-0.5912
0.8829
0.8214
-0.0745
0.6838
1.4638
0.6491
-0.7514
-0.4152
0.028
-0.0037
0.3157
-0.8092
-1.425
-0.5097
-0.3502
-0.379
-0.8581
-0.3348
0.1819
-0.2434
0.1961
-0.443
-0.5325
0.7795
-0.2812
-0.5
0.1193
-0.2904
0.8742
1.023
-0.2317
-0.4878
0.1696
-0.0497
-0.3617
-0.8192
-0.9282
-0.9761
-0.1918
1.2777
-1.0658
-0.4923
-1.6163
0.1639
-0.2109
-1.4099
0.0245
0.3333
0.1463
0.4066
0.2329
-0.0103
0.502
0.5103
-0.1321
-0.5029
0.848
-0.1218
0.7098
-0.6099
-0.8797
0.4233
0.95
1.3685
0.2544
-0.9655
0.742
0.4725
-0.3583
0.9893
-0.4487
-0.8091
0.1022
0.1501
-0.3538
-0.3965
-0.1258
-0.7214
0.205
0.2003
0.2672
0.9231
-1.4144
0.9914
-0.8875
0.0792
0.3635
-1.0679
0.7391
0.5201
-0.7594
0.4035
-0.7798
-0.1789
0.2108
0.0019
-0.7676
-0.6476
-0.566
0.4583
0.1971
0.6045
0.1123
0.9452
0.4504
-0.662
-0.2862
-0.8647
-0.4965
-0.4522
0.3226
0.0825
-1.0658
-0.8879
-0.1539
-0.4301
-0.372
-0.7422
0.3024
0.2228
1.3147
-0.1817
-0.3672
-0.9087
-0.9679
0.3315
0.084
0.4771
0.3946
0.2671
0.8491
-0.1994
0.2728
0.1006
-0.5229
0.6791
0.4538
0.8949
-0.3325
-0.8389
0.3511
0.168
1.2167
0.484
-0.2625
-0.1104
0.4323
-0.3656
-0.3541
-0.239
0.7857
0.2432
0.3781
0.4955
-0.8617
-0.7943
-0.0372
0.5732
-0.9259
0.375
-0.436
-1.0141
-0.5311
1.1343
0.363
-0.2492
0.0519
0.4971
-0.0249
0.0367
0.279
0.0989
-1.726
-1.2337
0.2389
0.0105
-0.81
-0.6436
0.258
0.7697
-1.4374
-0.4985
-1.5574
1.0897
0.0915
0.2779
0.2615
-0.6551
1.3983
-0.7885
-1.2721
-0.5162
0.4049
1.2166
0.5428
-1.1323
0.4019
0.0764
0.0428
-0.6389
0.1362
0.9595
-0.0819
0.1541
-0.8171
-0.472
-0.7826
-0.1587
0.8137
0.0705
-1.0769
-0.3005
0.6398
0.6282
-1.259
0.7577
-0.9198
-1.6807
1.7542
0.6818
-0.3643
-0.1913
-0.8405
1.8614
1.2232
-0.0903
-0.106
-0.6213
0.5144
-0.2724
-0.1668
0.4344
0.1225
1.6355
0.6682
-1.0132
-0.1016
0.5502
0.0325
-0.905
0.0961
-0.2516
-0.7788
1.8378
0.978
-0.3357
-0.2262
-0.3945
0.6128
1.6169
0.1904
-0.1102
-0.758
0.8345
-0.8436
0.318
-0.9241
-0.5607
0.6904
1.5685
-0.8532
-0.1055
0.2609
-0.4156
1.1525
-0.0312
-0.6415
0.5085
-0.8045
0.3093
-0.1279
-0.4189
0.3243
0.6732
-0.1322
-1.0117
-1.2359
0.7057
0.509
-0.7342
0.6803
-1.1982
1.7731
1.1005
-1.2356
1.5561
0.5169
0.7261
1.0429
-0.2475
1.0292
0.3348
1.3099
0.7123
-1.4485
0.0947
0.4014
0.0481
0.3444
-0.7025
1.3322
0.0549
-0.2463
0.7802
-0.0194
0.2871
-0.51
-0.6932
1.2036
0.2491
0.7582
0.4366
-0.7704
0.1231
-0.4706
-0.8519
-0.6896
-0.5355
-0.8868
0.9438
-1.0803
-0.3518
-1.2697
-1.1151
-0.664
-1.1724
-0.1558
0.2977
0.4168
0.6632
0.1915
0.2919
-1.2175
-0.5957
0.0405
-0.4993
-0.7468
-0.0039
-1.213
-0.0371
0.553
-0.0725
-1.1575
0.3221
0.489
0.1087
0.0686
-1.3441
-0.3997
0.5246
-0.0287
-0.608
0.2392
-0.2596
0.1698
-0.8296
-0.4384
-0.6289
0.011
-0.4492
-0.1635
-0.0721
0.0101
0.4127
-0.4252
0.9358
-0.7165
-0.8747
1.2788
0.2292
-1.6059
-0.4021
0.1858
1.3904
0.7801
-1.3803
-0.7314
1.0219
0.7937
-1.1615
-0.0731
-0.1093
0.6885
0.1201
-0.2061
-1.891
0.5347
-0.7409
-1.3322
-0.9442
-0.19
0.2658
0.291
-0.6443
-0.6783
-0.5963
-0.4685
-0.4892
0.8164
-0.1156
1.4725
0.2719
0.0499
0.6042
-0.0135
1.3597
-0.3812
-0.5749
1.4557
0.6613
-0.3996
-0.1276
-0.2253
-0.3102
0.6077
-1.1333
0.6495
-0.0676
0.6158
0.0057
1.0594
0.0698
0.1928
-1.6992
0.9616
-0.3485
-0.6127
-1.1448
-1.3723
-0.4653
-0.961
0.0091
-0.4761
-1.376
0.4181
-0.5841
-0.7327
-1.3965
-0.6621
0.1138
0.0026
0.4656
-0.934
-0.0821
-1.1101
0.576
-1.107
0.2595
1.2614
-0.4474
0.65
-0.4205
-1.1411
0.5344
0.0243
-0.9631
0.9579
-0.6178
-1.1879
0.0853
-1.5085
-0.6213
0.4997
-0.0169
-0.4204
-0.0323
-0.2531
0.9474
-0.7857
-1.1249
-0.6311
-0.391
0.7415
0.8514
-1.1467
-1.6766
-0.3231
-0.0106
0.2203
-0.3162
-0.1949
-0.2919
-0.6965
1.2256
-1.2045
-0.4843
-0.4249
-1.3193
-0.037
1.0234
-0.4196
0.0046
0.7666
0.1841
0.1829
0.6747
0.3205
-0.9376
1.391
-0.0016
-0.3066
0.9316
0.089
0.6495
-1.4558
0.421
-0.0152
-1.0166
-0.2651
0.6145
-1.1154
0.2844
-1.5354
-1.1498
0.9319
-1.4521
-0.6829
-0.1051
0.7454
-0.4673
-0.7369
-0.0552
-0.7447
-1.0351
-0.5752
-2.2227
0.3465
-1.218
-0.2889
0.7174
-1.2138
0.3213
-0.5982
-0.5214
-0.1909
0.1364
-0.8705
-0.3827
-0.2716
-0.3534
0.1072
0.4972
-1.1193
0.5903
-0.485
1.2982
0.2012
-1.0505
1.3821
0.6625
0.4882
-0.7927
0.8453
1.7438
-0.8696
1.1743
-0.1794
-0.6633
3.3774
-1.7999
0.6999
-1.0055
0.3234
-0.4665
1.0113
-0.2244
-0.3649
-0.6389
0.4138
0.9776
-0.9909
0.8818
-0.2377
0.2439
0.217
-0.5841
-0.7596
-0.468
-1.6281
-0.6369
0.4984
-0.679
-0.4299
-0.2855
0.3627
1.1176
0.8739
-0.236
-0.5721
0.7856
0.7289
0.8182
0.1484
0.5188
0.7386
-0.7932
1.139
0.822
-0.9115
-0.4944
-0.7902
-0.948
0.5676
-1.6041
0.4134
-1.2844
1.0386
0.1282
-0.3517
0.4802
-0.482
-0.4074
1.6889
0.4571
0.4429
0.1145
-0.4023
1.2929
0.0471
-0.5071
-0.2741
-0.8609
-0.7088
0.9172
0.1462
0.0241
-0.0878
0.1786
0.6365
0.3146
-1.0932
0.577
-1.053
1.3499
-0.5475
1.7029
-1.3285
-0.2507
-0.6709
0.0735
-0.6478
-0.6388
0.6989
-0.3467
-0.0467
0.1582
-0.5272
-0.6974
1.6094
-0.5223
-2.2116
0.1405
0.5759
1.3174
0.3403
-1.0383
0.0676
-0.3461
-0.211
-1.0121
-1.2063
0.9775
-1.1137
-1.3228
-0.155
0.0339
-0.5876
-1.6779
-0.7417
-0.2735
-1.5402
-0.4639
-0.8568
-2.8834
-0.3516
0.7091
-1.0295
-0.3255
-1.708
0.0341
0.9922
-0.2863
-1.8145
-0.4704
-1.7564
0.9486
0.332
1.7857
2.5845
-1.8931
0.7745
0.8996
0.7868
0.285
-1.7575
1.9127
1.4756
0.3256
1.5399
1.0938
0.1027
0.4597
-0.04
1.3842
-1.3587
-2.1411
-0.0256
0.2293
0.6514
-0.1063
-1.7832
1.0237
-0.4321
0.1638
-1.2107
-0.784
-0.3933
0.6363
0.1653
1.2424
1.8826
-0.1136
0.0872
-1.0917
-0.164
0.6049
1.0254
0.3726
0.8271
-0.4988
0.0262
-0.2179
0.7679
-0.8454
0.8475
0.0674
-0.2664
-0.511
-0.4308
-0.0938
-0.0082
0.4156
-0.4752
-1.0874
0.4923
0.714
-0.3055
0.045
-0.9935
-0.2047
1.1746
0.0839
-0.3373
0.8256
0.3899
-0.9864
0.5751
-0.9562
0.7765
0.5653
-0.4905
-0.8129
-0.4144
0.0093
1.0558
0.7098
0.1639
0.4707
0.1376
0.7237
0.6815
-0.2067
-1.0834
0.1165
-0.264
-1.0244
-0.329
-0.9922
-4.2599
-0.0556
0.3448
0.4955
0.0659
-2.5141
0.0847
-1.4249
0.9694
1.2553
1.1321
-0.7386
-0.2567
-0.9191
-0.3442
-0.3797
1.8511
1.5015
-0.2611
0.9902
-1.3412
0.1223
-0.5423
-0.2284
-1.0778
-0.9983
1.6547
-2.8317
-0.1494
-0.3288
-0.3201
0.3463
-1.2389
-0.7083
-1.9907
0.5923
-1.109
1.4071
-0.8111
-3.9259
-1.1995
1.254
0.4225
-0.1077
-1.025
0.5504
0.2675
0.9724
-0.378
0.9289
2.8772
-3.4112
0.3778
-0.6026
-0.1195
0.9579
-2.4759
-0.6354
1.9801
3.0613
-0.3132
-1.0848
0.3968
1.7499
2.8037
2.9519
-2.4201
-0.2169
-0.1102
-0.5343
0.4117
0.3503
0.5875
-0.613
0.7729
1.0747
-1.4026
0.6837
0.7449
-0.2926
0.5229
0.0335
1.4141
0.6916
-0.4625
-0.0805
0.5241
0.4913
0.571
0.8484
-0.1069
-1.23
-0.0121
-0.0868
0.1664
-0.3178
-0.0064
0.0833
0.0896
-0.5309
-1.3099
-0.6574
0.1553
-0.0005
-0.2235
-0.6983
-1.1694
-0.2419
0.2296
-0.8299
-0.5443
0.2045
0.5469
0.4957
-0.7937
1.015
-0.9153
-0.4958
-0.2266
0.0212
0.3705
-1.1197
0.2574
0.8326
0.2619
1.2221
0.2739
-1.1067
-0.116
1.0197
-0.5821
-0.2527
-1.1721
0.4838
-0.8615
-1.8075
0.1777
-0.0415
-0.2445
-2.4207
-0.7101
-0.5511
0.1194
-0.1535
0.2627
-0.8887
-0.2748
-0.1661
0.2163
0.9582
2.1822
-1.0261
0.0108
-0.4936
0.832
0.4566
0.2282
1.39
0.1388
0.7727
-0.2865
0.0386
0.1059
-0.4352
-2.0803
-0.384
1.6002
-0.8634
0.7371
-1.4005
-3.5837
2.8952
-3.3805
0.0016
0.7006
2.8441
0.0571
-1.726
-1.3722
-0.4471
3.0704
0.9146
-0.4996
-1.308
-0.1712
1.8706
-1.247
3.5517
1.1325
1.0429
1.4421
-2.2539
-1.285
1.1814
0.7597
0.8176
-1.2921
1.6809
3.1902
1.3933
-1.4644
-0.8262
3.9881
1.7432
1.5164
2.2094
-1.9915
-0.271
-0.4604
0.4015
0.7266
-0.8305
-0.4534
1.414
1.3316
1.4863
-1.3473
-0.0449
0.9622
0.9303
1.2555
-1.4558
-0.1176
0.6092
1.4129
1.3398
-0.1727
0.4814
-0.0213
0.6058
-0.3212
-0.9702
0.1634
0.04
0.8325
0.4223
-1.355
-0.6816
1.1542
0.2304
-0.858
-1.1174
-1.0798
0.7396
-0.2888
-0.4447
-1.106
0.3357
0.7671
-0.1356
-1.2464
-0.4594
-0.3691
1.115
0.6682
-0.494
-0.4179
-0.298
0.071
-0.2019
0.141
-1.0019
-0.5695
0.5805
0.0199
-1.0561
-0.6945
0.0821
0.1366
0.4443
0.4299
-1.3911
0.3901
0.4601
0.6558
-0.8996
1.5411
-0.2815
0.1016
-0.817
0.1096
-0.1103
0.0641
0.4386
-0.7476
-0.5756
0.6895
-0.2436
0.0646
1.1949
1.457
0.8259
1.6242
-0.2778
2.0736
-0.3592
0.4432
1.4302
0.5646
-0.112
1.915
0.2799
-0.0363
-0.2658
-0.9044
-2.3185
2.4904
-0.9404
-0.3538
-0.8006
3.0702
0.7679
-1.165
0.1695
0.6499
0.8466
-1.4102
0.1427
0.1481
-1.0253
1.9296
-1.8085
2.941
0.1775
-0.0803
0.0301
-0.1741
3.2477
-0.2189
0.9679
1.468
-1.7581
1.0309
-0.8802
0.3004
-0.1325
-1.5034
-3.7616
0.0775
1.5983
0.0562
-0.753
-0.9319
-0.448
0.8162
0.3627
-0.8098
-0.597
0.6025
0.8678
-0.1016
-0.7042
0.3509
-0.129
1.2566
0.6965
-1.9055
0.6141
0.5497
2.3137
0.9278
-0.6023
0.0365
0.8546
1.138
0.3159
-0.3529
0.8239
1.2601
1.0349
-0.7535
-0.4084
-0.9629
0.2293
0.7069
0.7307
-0.8112
-0.8544
0.9092
0.6946
-0.7775
0.3231
-0.8804
1.0283
0.5669
-0.5842
0.499
0.6601
0.5694
0.8213
0.8357
-0.3459
-0.6293
-0.5526
0.9486
1.0094
0.0865
0.1286
0.5031
-0.3896
0.9587
0.6421
0.7883
0.8122
0.9879
1.4534
-1.2235
1.7056
0.4993
-0.5421
0.9773
0.4547
1.3389
0.7555
-0.2962
0.7515
-0.3617
0.308
1.2626
0.0486
-1.9777
-0.2092
1.3533
-0.3662
1.3868
-0.2714
-0.4066
0.9308
0.1719
0.1571
0.2481
0.0684
2.0804
1.0208
0.9323
-1.0956
1.4557
2.0741
-0.6968
0.6086
-0.6227
0.3227
-0.3325
-0.7945
0.1567
0.9425
0.7032
-0.5958
-0.8849
-0.6009
-0.5261
1.3945
-1.5039
-0.5336
-0.1788
0.2639
0.3682
0.2219
-0.9751
-2.2374
-1.4706
-0.2593
1.9847
-0.2568
-0.6573
1.5413
-1.4222
3.6158
-2.1877
2.8099
2.1408
-1.0142
1.8579
-1.4728
1.8203
3.6908
-0.5517
-1.535
0.3125
-0.385
1.4412
0.4188
-0.3263
0.4522
1.0917
0.926
-0.965
0.2685
0.3127
-0.283
-0.4348
-0.9076
0.7606
0.7253
-0.2337
0.297
-0.7629
1.0932
0.8133
0.6936
0.3823
-1.3275
1.0462
-0.4658
1.171
0.4136
-0.4427
0.5134
0.9333
0.7822
-0.1065
-0.9522
1.4293
0.5146
0.8667
-0.7127
-1.4569
-0.285
0.8166
0.3271
-0.3551
-1.4267
0.3713
1.0654
-0.6063
0.5792
0.2049
0.8811
-0.2864
0.3925
0.8423
-0.0506
-0.1693
-0.7034
0.6619
1.1091
0.0775
1.1974
0.3464
0.537
0.2542
-0.115
-0.1577
1.214
0.7359
-0.6292
-1.3062
-0.0017
0.1165
-0.3168
-0.0975
-0.3181
1.0851
0.7282
-0.8671
-0.3815
-1.8315
0.6239
1.5512
0.1047
-1.1266
-1.1463
1.1085
-0.6506
-0.6268
-0.8634
-1.821
0.5947
-1.3908
2.1788
-0.8005
-0.3729
0.9754
-0.7796
0.4795
-0.7912
0.3199
1.783
-0.4059
-1.1986
-2.5217
0.727
-2.369
-1.548
1.8641
-0.5775
-0.1428
-0.5237
-2.3885
1.7167
1.2805
-1.1991
-1.0764
-0.3267
1.4143
1.5761
-1.7879
-1.2221
-1.3268
0.0452
-2.232
1.8795
-0.381
0.3557
0.2342
0.5816
-0.0555
-0.0634
-1.77
-0.2724
-0.4402
1.804
-1.0522
-1.0569
-1.333
1.215
0.904
0.3741
0.6306
-0.4771
1.922
-0.3399
0.1546
-0.1383
0.5942
0.4566
-0.2611
0.3104
0.6965
0.0098
1.3489
-0.522
1.4035
0.5589
0.5534
0.9704
-0.8749
-0.0903
1.2442
0.1497
-0.1715
-0.0692
0.2147
0.9751
0.4892
-0.3195
-0.6739
1.7915
-0.0724
0.6791
0.7511
-0.5247
0.9623
-0.4457
1.4578
-0.4102
-1.681
1.1045
0.5664
-0.435
-0.8777
-0.9103
-0.4924
-0.2849
0.8958
0.3486
0.5024
1.089
0.0102
-0.7357
0.9613
0.9296
-0.2823
0.148
0.533
0.5834
-0.4783
-0.3585
0.4585
0.4339
-1.0379
-0.206
0.7181
0.5238
-0.1697
-0.9612
-1.6125
0.2769
-0.8077
0.7325
1.035
0.609
1.0446
-0.0674
-0.4583
-1.7594
-0.4555
0.9663
0.0412
-0.593
-3.2912
-1.4214
0.9782
-0.7346
0.0264
-2.158
-1.6634
2.7275
-0.109
0.2139
-1.6868
-0.7326
1.1431
-0.1923
-0.5362
-0.6634
-0.1667
2.339
-2.2696
-2.5534
-1.4482
2.0621
1.0989
-1.4794
-2.588
-1.0983
2.4352
-1.4269
-0.9341
-1.7771
1.5527
0.7669
-1.0732
-1.6709
1.3802
-2.0512
0.2663
-2.1226
-1.2605
2.9783
-0.3173
-0.5146
-1.6734
-1.4606
0.7004
-2.1924
0.5439
0.8376
-1.5773
-0.6983
-0.7017
-0.5786
0.4888
-1.5567
-0.2773
0.9935
-0.1693
-0.1222
0.0555
-0.9116
0.4985
-0.9406
-0.7463
0.0405
-1.5803
-0.4422
0.7027
0.2201
0.3342
-0.3876
0.3596
-0.5287
2.0106
-0.4184
-0.1288
-1.009
-0.4542
0.6405
0.6439
-0.7542
-0.0282
-1.3627
-0.2328
-0.7956
0.484
-0.401
-0.2568
0.0787
-1.168
-0.3236
1.8074
0.4571
0.8207
0.3374
0.6373
-0.1243
-0.6897
-1.0852
0.9385
0.8481
0.309
-0.8995
-0.2116
0.0681
0.655
-0.2896
-0.7435
0.2805
0.323
-0.2523
-0.0944
0.4329
-0.0585
0.0761
0.8062
-0.0218
-1.0079
-0.157
0.3829
-0.2497
-0.6581
-1.2482
1.8689
1.0046
0.6876
-0.3673
-1.6223
1.8538
-0.3585
0.9307
0.214
-0.8875
0.0118
-0.5848
-0.3379
-0.0257
0.0649
1.1316
-0.0053
0.0753
-1.8117
-1.3289
0.9476
-0.3843
-0.498
-0.7002
-1.3722
2.6664
0.6634
0.4423
0.4692
-0.8497
1.4909
-0.7568
0.9855
-1.7995
-0.0702
0.7792
-1.0491
0.537
-0.7964
-0.9041
0.0138
0.1077
-0.8513
-1.5923
3.0361
0.2413
-0.9954
0.7892
-0.5887
0.5801
-1.3267
-0.475
1.8301
-0.7842
0.6418
-1.2539
-2.2529
0.3722
-0.5222
1.1196
-1.1764
-1.075
2.4473
0.1938
1.1958
-1.7468
-1.0212
0.4643
0.7647
0.4685
0.166
-0.0473
-1.0328
0.7463
0.2216
1.1995
-0.1073
-3.5719
0.3868
1.7874
1.9429
-0.6311
-1.2347
0.2567
1.1363
-0.0822
-0.4277
-0.0383
-0.4314
0.9638
-0.2224
-1.0827
0.9578
-1.1515
0.6288
0.6195
0.077
-0.8663
-0.3837
0.6703
0.5983
-0.1772
0.348
0.2354
0.0387
0.3785
-1.0397
0.7385
0.2813
-0.3698
0.0086
0.4887
1.2336
-0.4943
0.9028
-0.4365
0.9825
0.4376
-0.1106
-0.4875
-1.6172
0.1238
-0.3309
-0.2719
-1.1763
-0.2517
-0.3038
-0.116
0.9079
-0.2968
1.2005
0.2882
1.3301
-0.5869
-0.6505
0.9415
0.8306
0.9862
-0.6579
0.6238
0.1945
-0.5612
0.6146
0.3588
-1.0968
0.7597
-0.3312
1.9547
-0.4057
-0.7537
1.0459
-0.7332
-0.5911
-0.7512
-0.1755
1.6312
-0.8976
0.388
-1.1811
-1.4044
0.1861
0.423
-1.6298
-1.1265
0.0043
0.2048
-0.7914
-0.7884
-0.1186
-0.6394
-0.2425
-0.7961
1.9877
-0.2256
-0.6464
-0.2994
-0.4492
-0.0666
-0.8098
-0.0964
-0.4046
-0.7445
1.0018
-0.8301
1.6797
1.5696
-1.5078
-0.0545
-1.5206
1.2691
1.5258
-0.6044
0.7849
-1.8246
0.979
0.5413
0.0568
-0.4217
-2.4539
-0.5853
-0.9785
-0.3441
0.9591
-0.2902
1.2139
-1.3508
-0.6743
-0.0386
-0.2256
1.5962
-0.3709
-0.6448
-0.2495
-1.1384
2.1058
-0.0568
-1.0451
-1.2846
-0.2084
-0.4206
-1.7657
0.8116
0.6473
0.0147
0.7356
1.1537
-0.1775
0.2558
0.022
0.7643
-0.6898
0.2287
-0.6428
-1.6852
1.3239
-0.1941
0.2694
0.4663
-1.2577
1.0195
-0.78
-0.3198
0.4439
0.2274
2.1718
-0.0084
-0.1482
-1.043
1.112
-0.6061
-0.0021
-1.0223
0.1179
0.1274
-0.0885
-1.1449
-0.4553
-0.5011
-0.504
-0.4734
0.1722
-0.196
0.1134
0.3583
0.638
0.0438
0.8929
0.7878
-0.8874
0.5026
0.2069
-0.7351
0.0432
-0.3303
0.2662
-0.1536
0.8522
-0.1614
-1.1594
-0.5715
0.8649
-0.1874
1.7206
-0.5096
-0.5215
0.2975
-0.2034
1.785
-0.2058
0.2656
-0.0734
-0.2309
-1.1486
-0.0177
0.6322
0.2166
0.5484
-0.7796
-0.4206
-0.4151
0.0791
-0.5954
0.1689
-1.2053
-1.0406
0.8135
-0.1939
-0.6756
0.2864
0.635
0.1405
-0.9066
0.0867
-0.7946
-0.2409
-0.1334
-1.1622
0.279
0.2542
-0.9385
-0.4449
-0.1638
0.0287
0.3172
-0.5058
-0.3175
-0.1931
0.9746
-0.2477
0.1078
-1.7218
-1.0234
1.0547
-1.7868
0.861
-1.5302
-0.1963
0.1133
-1.4132
1.1368
-0.5025
-0.6895
1.8036
-1.2029
1.1536
-1.0698
-0.2502
1.0986
-1.0274
0.4559
-0.5433
-1.2006
0.9368
-0.4056
0.2992
-2.0186
-0.5742
-0.1864
-1.507
1.1776
-1.2309
-0.3702
1.0088
-1.0227
-0.5588
0.0477
-0.4817
0.0146
-1.7391
0.8959
-1.1697
0.1437
0.1487
-0.4474
-0.1867
0.2362
0.0153
-0.6879
-0.8966
0.0339
0.6332
0.0485
-0.5056
-0.7332
1.7209
-1.1854
1.0002
-1.4294
1.1083
0.1094
-1.0226
-0.1972
-1.8074
-0.8782
-0.4542
0.5499
-0.6239
-0.0852
-0.9057
-0.8153
-0.8174
-0.373
1.0901
0.6616
-0.9074
-0.1899
0.0927
-0.7153
0.252
0.9596
-0.5635
-0.1918
-0.2372
-0.806
0.4949
1.118
-0.6646
0.9697
0.3382
-0.847
0.6674
0.0172
-0.0316
-0.53
0.8573
0.8969
0.5046
-0.3637
-0.7665
0.5201
-0.3766
-0.9829
-0.5644
0.1426
0.447
0.0045
0.0024
-1.1268
1.3025
-0.237
0.7599
-0.585
-0.6503
0.9276
0.7675
0.2405
-0.482
-1.3604
0.1731
-0.2579
-0.0952
0.1379
-1.1689
-1.0639
-0.1646
0.0622
-0.5491
0.8172
-0.2547
-0.5708
-0.8546
0.2735
1.5448
-0.2621
-0.6145
-0.5321
0.9456
0.2429
0.4198
-0.6484
-1.341
-0.8557
0.678
-0.0533
-0.1704
-0.1704
-0.5757
0.9728
1.4397
-0.6799
-1.0294
0.179
2.0861
2.0107
-0.0984
-0.6899
0.7168
2.9383
0.4464
-0.9553
-0.4059
0.1676
1.5426
0.2219
-1.1064
-0.5568
-0.9725
-0.4063
0.0375
0.8685
-1.054
-0.2171
-0.3192
1.014
0.6408
-0.407
0.0627
-0.9462
0.3101
0.2481
-0.3065
-0.1953
-0.4506
2.1551
-0.4766
-0.952
-0.9948
-0.2145
1.1215
-0.0331
-0.2327
0.6624
-1.3383
-0.0258
-0.6735
1.0557
-0.4586
-1.1011
-0.7893
1.0784
0.1443
-0.4693
-0.8499
-0.9508
-0.5272
-0.193
-0.5787
-0.9136
-0.8945
0.4106
-0.5064
-0.0075
0.6052
0.2898
-1.101
1.0486
0.3138
-0.4097
-0.6636
0.7138
0.0652
-0.2559
-0.5352
-0.1513
0.1645
-0.2479
0.8115
0.8805
-0.2187
0.7221
-0.7
-0.2483
-0.5561
-0.8498
0.9637
0.9393
0.327
0.5137
0.5984
0.1497
0.2597
-0.8297
0.8451
0.3415
-0.77
0.4761
0.348
0.5497
-0.4698
-0.2694
-0.1925
-0.4207
0.02
0.2109
0.4996
0.8269
0.4262
-1.3312
0.9425
1.2477
0.8763
0.3413
0.1556
-0.2828
-0.4021
0.3817
-1.0725
0.4705
-0.6577
0.9136
0.5559
0.7006
0.1165
0.2503
-0.0315
-0.3616
0.0825
0.6046
0.2043
-0.6537
-1.1601
0.4536
0.393
1.2266
0.4815
-0.5646
-1.0634
-0.2313
-0.1831
0.4507
-0.1348
0.6484
0.8749
0.0474
-0.0148
-0.5482
0.8797
0.857
1.108
0.3741
-0.0061
0.8062
0.9573
0.1564
-0.722
-0.7546
-0.7045
0.8071
1.9302
-0.3481
0.897
0.0051
1.0396
0.4827
-0.1285
0.4108
-0.716
-0.511
0.765
1.0214
1.093
0.2886
-0.6924
0.7834
-0.2338
-0.6611
-0.3696
-1.1215
0.1787
0.3778
-0.0186
-1.137
0.26
-0.6958
-0.2712
1.2201
-0.5787
0.1505
-0.7279
-0.7261
-0.4959
-0.6159
-0.0679
-1.3427
0.2143
0.6542
0.6237
0.2866
-0.7718
0.2131
0.701
0.5561
0.9637
0.6976
0.0771
-0.0141
0.2069
-0.5938
0.6097
-0.1463
0.0015
0.3978
-0.037
-0.4769
0.5903
0.8366
-0.299
0.5883
0.9541
-0.413
0.5879
-0.6238
0.1412
-0.0184
0.7225
-0.852
-0.6693
-0.1739
0.5555
0.7618
0.1605
0.4784
0.6236
0.3678
-0.2676
0.9984
0.7683
0.5698
0.5744
-0.9623
0.2294
0.7616
-0.8415
0.0045
-0.6996
0.5004
0.0536
-0.9468
0.6822
-0.3848
0.0484
-0.1097
0.447
-0.5812
0.9303
-0.5373
-0.7182
0.8255
-0.5088
0.2682
0.4246
0.3928
-0.3056
-0.5808
0.1254
-0.5075
0.6228
-0.7819
-0.2341
-0.0164
0.3201
0.8212
0.6723
0.1277
-0.2369
0.4816
0.2257
0.0844
1.1589
0.6978
0.3515
-0.28
1.1242
1.1531
0.79
0.2692
0.9543
-0.4638
-0.4884
-1.064
-0.9673
-0.8571
0.0883
-0.5758
-0.2594
-0.8984
0.4741
-0.6857
0.0167
-1.1195
0.4872
-0.7154
0.349
0.0694
0.15
-0.7373
0.1504
0.111
1.3215
0.529
1.074
-0.1989
-1.1452
-0.0429
-1.0719
-0.5148
0.0587
-0.0303
-0.629
-0.786
0.9882
-0.7276
0.0589
1.1969
-0.702
0.7625
-0.5172
-0.3831
0.1369
0.3812
0.7072
-0.7791
-0.4821
-0.4987
-0.159
0.105
0.0091
-1.1612
0.9382
0.3969
0.168
0.395
0.7244
-0.2527
-0.0031
-0.4531
-0.6055
-0.0496
0.2367
0.0963
0.6177
0.0276
0.404
0.0477
0.721
-0.3366
0.619
0.0557
-0.0263
0.7143
0.5179
-0.6732
-0.158
-0.9454
0.944
-0.2705
-0.472
0.0044
-0.8301
-0.1472
0.6883
0.223
-0.2694
-0.2753
-0.6052
0.4029
0.1911
-0.1634
0.5443
0.4365
0.1317
0.8288
-0.6808
0.1299
0.4441
-0.5721
-0.0031
-0.1593
0.6358
0.9875
0.3715
0.4803
-0.1051
0.8974
0.2579
0.0112
0.0784
-0.7299
-0.7714
-0.6394
0.8161
0.2485
-0.1938
-0.0116
0.2659
0.7291
0.243
-0.7322
0.5013
-0.6856
0.2661
0.7097
0.6423
-0.9481
0.4466
0.671
-0.6776
0.5162
0.0294
0.6569
0.533
-0.0635
0.7361
0.4348
0.2433
-0.7129
-0.4792
0.7961
-0.4487
-0.7116
0.9126
-0.423
-0.7573
-0.5892
-0.7319
0.6009
-0.7362
0.5159
-0.0028
-0.7739
0.7501
0.2682
-0.0604
1.0037
-0.0133
-0.6574
-0.917
0.2647
-0.1271
-1.0602
0.7541
-0.0891
0.0595
-0.6906
-0.3511
1.1545
0.8404
-0.8593
-0.0821
0.863
0.9642
-0.2824
0.4134
0.5997
-0.9396
-0.8039
0.2196
-0.4684
-0.8844
0.387
0.3493
-0.6065
0.0026
-0.3081
0.5998
-0.7662
0.5294
0.0445
0.3596
-0.8288
0.9021
-0.0269
-0.6982
-0.8218
0.1396
-0.8122
-0.6065
-0.5365
-0.9984
0.9404
-0.5387
0.3116
0.3205
-0.0528
0.3725
-0.6203
0.0697
-0.5187
0.9636
-0.2389
-0.0987
0.3708
0.9938
0.1744
0.3395
-0.5376
0.4207
0.9133
0.7565
0.6225
-0.9168
0.7996
-0.8443
0.2206
-0.7011
0.2217
-0.2749
-0.3911
-0.2253
0.2926
0.2269
0.5163
-0.0314
-0.8615
0.3716
-0.9675
-0.2355
0.5651
0.1144
0.351
-0.8579
0.4846
0.003
-0.0679
0.8889
-0.9641
-0.4381
-0.1755
-0.2532
0.8893
0.9795
-0.6504
-0.6144
0.973
0.5071
-0.4942
0.3078
-0.7685
0.0006
0.5302
0.3248
0.7584
-0.5854
-0.9492
-0.451
-0.9688
-0.7221
0.7495
-0.0268
0.8072
0.567
-0.7221
0.775
0.2347
0.1078
-0.3893
0.4251
-0.0167
0.1258
0.0789
-0.809
0.7666
-0.0929
0.8439
0.8656
-0.9734
-0.2863
0.7286
0.23
-0.1464
-0.9164
0.6744
0.0798
-0.7598
0.5032
-0.5519
-0.4331
0.5856
-0.3527
-0.2228
-0.4126
0.1897
-0.4754
0.1018
-0.3604
-0.0501
-0.5639
0.3976
0.2495
-0.712
-0.517
-0.081
-0.9781
0.7976
-0.4307
-0.8337
-0.4594
0.0355
-0.3001
0.1803
-0.2895
-0.1894
-0.869
0.3191
0.8854
0.7109
0.6174
0.9855
0.7711
-0.6574
0.7743
-0.8495
0.079
0.8492
0.5865
-0.9791
-0.4971
0.5421
0.0493
-0.9518
0.2391
0.2073
0.4043
-0.3202
-0.3736
-0.1266
0.0404
0.5968
0.0883
0.1066
0.9949
0.9756
0.2457
-0.2588
0.0883
-0.7657
0.7835
0.9951
-0.1671
-0.3744
0.5028
-0.4819
-0.2906
-0.3333
0.4174
0.5471
-0.0779
0.967
0.6567
0.4871
0.1426
0.9366
-0.4623
-0.4343
0.6981
0.4771
-0.5483
-0.6296
0.6309
-0.9496
-0.3635
-0.1286
-0.2982
0.451
0.6234
0.615
-0.8877
0.0603
0.734
0.9365
-0.3976
0.6182
-0.4485
0.3129
-0.8569
0.1082
0.9467
-0.1098
-0.3725
-0.8054
0.9955
0.445
0.0362
-0.5356
-0.9363
-0.1713
-0.9381
0.7848
-0.1318
0.5858
-0.8497
0.7629
0.6437
-0.6457
-0.5078
0.8715
0.9954
0.2425
0.126
0.1265
0.5905
0.5204
-0.6309
0.3553
-0.4639
-0.9096
-0.6597
0.1854
-0.7996
-0.9356
-0.2114
-0.5082
0.9403
-0.5728
-0.1625
0.3874
0.2313
0.4904
0.9437
-0.2615
0.245
-0.1775
0.1376
-0.848
0.5023
-0.1543
-0.196
0.3033
-0.926
-0.4055
0.6249
0.3013
-0.379
0.956
0.5978
-0.4801
-0.4831
-0.3213
-0.3499
-0.2581
0.8398
-0.5875
0.0546
-0.1961
0.1244
0.9924
0.304
0.0048
-0.4572
-0.4892
0.3993
0.4906
-0.6397
-0.907
0.2391
-0.2018
0.3798
0.7606
0.2932
-0.7864
-0.1258
-0.612
-0.8028
-0.07
0.8793
-0.3539
-0.1973
-0.8692
-0.6846
-0.8668
-0.8695
-0.8136
-0.1909
-0.1732
-0.2201
0.4802
0.5517
-0.4522
0.8779
0.6245
-0.777
-0.3788
-0.582
0.0611
-0.6543
-0.6018
0.9864
-0.6255
-0.9152
0.0484
-0.6171
-0.1226
0.7235
0.6834
0.718
0.5774
0.6286
-0.6639
0.9404
0.9105
-0.3043
0.8082
0.2339
-0.3182
0.0685
-0.7605
0.2172
0.0606
0.9594
0.426
-0.7665
0.7162
-0.5189
-0.4702
0.2353
-0.6569
0.1089
-0.9849
0.1915
0.5229
0.8198
0.673
-0.3626
-0.5016
-0.7296
0.6575
0.6042
0.9202
0.5465
-0.0634
-0.8327
-0.917
0.0783
0.9206
0.8181
-0.8931
-0.4003
0.1862
-0.2078
0.4168
-0.9196
0.4948
0.7198
-0.8956
-0.8518
-0.2765
-0.4325
-0.7718
-0.5166
0.3886
0.5129
0.4174
-0.91
0.1299
0.1372
0.8263
0.0786
0.3323
0.3307
-0.857
-0.8304
-0.6962
-0.5608
0.0784
-0.8043
-0.5164
-0.0963
0.2048
-0.4336
-0.2235
0.3446
0.9205
0.1686
0.3903
0.5265
0.2501
-0.5626
-0.545
0.9816
0.524
-0.4414
0.0125
0.9534
-0.8683
-0.6387
0.6701
0.9398
-0.7369
-0.5082
-0.6073
-0.8335
-0.0307
0.0196
0.7141
0.5299
0.3431
0.4196
0.9333
-0.3898
0.7351
-0.7858
-0.9141
0.8645
0.459
-0.0241
-0.3023
0.5214
-0.2799
0.7
0.1305
-0.6312
0.6812
-0.5309
-0.0426
-0.1333
0.6769
0.69
-0.649
-0.6024
-0.2068
-0.968
0.603
0.5116
-0.749
-0.4696
0.734
0.7988
-0.9726
-0.8192
-0.2692
-0.8745
0.478
0.6332
-0.3428
-0.7686
-0.3733
-0.4335
-0.8204
-0.6228
-0.9104
-0.2773
0.1538
0.0266
0.918
-0.0554
-0.7652
-0.6243
-0.3873
-0.4783
0.6737
0.6997
-0.3286
-0.1157
-0.5887
-0.4754
0.3793
0.5179
-0.7607
0.9945
0.59
-0.2213
-0.2166
-0.3119
0.8131
0.9178
0.8578
-0.8754
-0.647
0.0709
-0.2626
-0.1171
-0.3436
0.0535
0.958
0.4319
-0.8791
0.25
-0.9761
0.9088
0.6508
-0.3914
0.8423
0.5881
-0.4119
-0.9128
0.119
-0.0014
-0.1309
-0.7721
0.7177
0.7346
0.5411
-0.5205
0.8045
-0.5424
-0.2073
0.5768
0.7865
0.3252
-0.4746
0.1785
-0.6686
0.212
0.49
-0.4056
0.4602
0.7812
0.7591
-0.9641
0.5248
0.9529
0.2142
-0.1445
-0.9083
-0.5527
-0.8168
0.548
-0.1607
0.8501
-0.0787
0.2078
-0.0803
0.2717
0.2194
-0.7783
-0.1683
-0.065
-0.8425
0.2171
0.4571
0.5433
0.0007
