0.2675
0.3395
0.3099
-0.2274
0.0741
-0.6266
-0.0967
-0.7197
-0.3234
0.8677
1.0452
0.4729
0.4608
0.6866
-0.068
0.7594
0.4666
-0.3681
-0.3826
0.8082
-0.5705
0.4099
-0.4927
0.4252
0.4555
-0.3377
-0.5848
0.2721
-0.8743
-0.7175
-0.212
0.8892
0.7777
0.9752
-0.3712
0.22
-0.7483
-0.4187
-0.6379
0.7545
0.8496
-0.5623
0.5338
0.6268
0.1408
0.3362
0.0293
-0.5459
0.4763
-0.921
0.7108
0.3204
-0.5725
-0.6137
0.2544
0.4003
-0.5036
0.8425
-0.1512
-0.6793
-0.722
-0.8051
0.2194
0.2582
0.9761
0.3513
0.0118
-0.4579
0.5776
-0.9263
0.4998
-0.6203
0.2518
-0.6952
0.2971
0.2843
0.5994
0.3196
0.2112
0.2821
0.2299
-0.8908
-0.8681
0.2033
-0.2695
-0.6429
0.996
0.2291
0.8594
-0.5185
-0.6594
0.6102
0.1421
-0.6399
-0.7511
-0.598
-0.438
0.7426
0.83
-0.5733
0.6616
0.1888
0.2149
-0.4143
-0.2684
-0.675
0.6799
-0.4636
-0.6273
-0.9216
0.1516
-0.9365
-0.0842
-0.6231
-0.6812
-0.4234
-0.3672
-0.2675
0.3839
-0.7201
-0.016
-0.0238
0.4252
0.9804
0.2468
-0.7034
-0.4795
-0.2289
0.9653
-0.5106
-0.2705
-0.2289
-0.502
-0.4164
0.2551
0.5785
-0.5507
-0.0858
0.5366
-0.0122
-0.401
0.9446
-0.4727
0.4345
-0.7985
-0.1488
0.0838
-0.7487
0.6052
-0.8581
0.8027
0.9917
-0.3854
0.0933
0.7956
0.2901
0.9417
0.6825
0.6962
1.1207
1.0355
0.4968
-0.0599
-0.097
-0.094
-0.3521
0.6041
-0.5417
0.7256
0.2838
0.8616
-0.0375
0.3028
-0.1182
0.3692
-0.6698
-0.7162
-0.7412
0.9399
-0.0716
0.7292
0.8767
0.786
0.133
0.0989
-0.4063
-0.4719
-0.1051
0.3278
-0.1485
0.391
0.9872
0.1863
-0.4467
0.7494
0.7348
-0.7658
-0.4929
-0.657
-0.8542
0.7363
-0.6153
0.0977
-0.3561
0.7548
0.477
0.9001
0.6694
0.6929
0.5028
0.5408
0.2774
-0.1978
-0.3898
0.1473
0.3723
-0.0132
-0.2747
-0.0877
-0.3083
0.8019
-0.3867
0.2175
-0.6622
-0.4871
-0.6889
0.1464
-0.186
0.7258
0.9246
0.8003
0.8559
0.7809
0.3031
-0.9604
0.0523
-0.6332
0.613
-0.8415
0.6112
0.0701
-0.0914
0.7509
-0.5476
0.9507
-0.8347
-0.6825
0.3926
0.6796
0.1031
0.2814
0.4181
0.589
-0.6102
-0.115
-0.5015
-0.0933
-0.1713
-0.9612
0.1316
0.2053
0.6808
-0.3946
0.2054
0.4696
0.9275
-0.5833
-0.3062
0.3335
0.0284
0.142
0.8634
0.3666
-0.9327
-0.2387
-0.8243
0.8849
0.6093
0.3782
-0.2386
0.6215
-0.5183
0.8394
-0.2639
-0.9714
-0.1266
0.8293
0.8145
0.2099
-0.901
-0.1369
-0.5879
0.3904
0.5544
-0.4938
0.4468
-0.5376
0.1653
0.3301
0.564
0.4622
-0.3819
0.7261
0.6146
-0.3872
1.1614
-0.5254
-0.5684
-0.3112
-0.143
1.0901
-0.8168
0.6129
-0.329
-0.7322
1.0011
-0.2328
0.4297
0.1411
1.0579
-0.2303
1.129
-0.2549
-0.8353
1.0219
0.9064
-0.6883
0.1951
0.0889
-0.6558
-0.2601
-0.2721
-0.4993
-0.9351
0.1834
1.2232
0.8225
0.8676
-0.5069
0.3868
0.6204
0.7742
-0.1185
0.6277
0.4326
-0.1045
0.0287
-0.5241
0.3316
0.0854
-0.0897
0.0502
0.4964
-0.35
-0.7453
-0.3348
-0.1473
-0.3082
-0.2229
-0.7618
-0.6226
-0.5895
-0.5827
0.7041
0.3146
0.1823
0.3461
0.9426
0.2228
-0.0664
0.3812
0.0216
0.0258
-0.9983
-0.7316
-0.8133
-0.9797
0.227
-0.9654
0.2254
0.5362
-0.3019
-0.4388
0.995
-0.3734
-0.7243
0.1703
0.362
0.8953
-0.8259
0.051
0.3781
-0.5227
0.1897
-0.7154
-0.6084
-0.0952
-0.7103
0.3671
-0.1015
-0.0041
-0.9022
0.4569
-0.2565
-0.8552
0.6587
0.5359
0.9283
0.6051
-0.5807
0.426
0.0859
-0.6723
0.9132
-0.6882
-0.3881
0.7167
0.3186
0.5182
-0.7232
-0.6723
-0.35
-0.8186
0.3124
-0.2892
-0.2034
-0.4778
0.4646
1.1134
-0.6703
0.9778
-0.1521
-0.4604
0.4577
-0.4457
-0.3608
-0.6661
0.9162
-0.7497
0.6835
1.2522
0.2593
-0.7804
-0.4212
0.0627
0.8628
-0.7873
0.8317
0.7763
-0.2887
0.2947
0.0776
-0.0963
0.1109
0.2608
-0.6906
-0.9156
-0.0829
0.4454
-0.1375
1.1849
0.5409
-0.724
0.0136
1.0369
1.0711
1.5507
0.8225
-1.0019
1.1232
1.0252
0.5319
0.1332
-0.525
-0.5028
0.9941
0.7166
0.8936
0.1169
1.1262
1.1434
0.8226
0.4715
0.0297
0.3945
-0.6753
0.4597
0.702
-0.142
0.8551
0.6381
1.0629
-0.3365
-0.1622
0.0369
0.3956
1.2626
-0.4266
0.9859
0.5281
0.2781
-0.2807
0.6724
0.0614
-0.2217
0.182
0.9845
0.388
-0.1981
0.1556
0.7459
0.7107
-0.5032
0.591
-0.6432
-0.4574
-0.9911
-0.8244
0.9306
0.6814
-0.7244
0.0749
0.2407
0.1673
-0.8171
0.6307
-0.859
0.195
-0.272
0.035
-0.6773
0.614
-0.4933
-0.2363
0.9899
-0.2233
-0.5857
-0.2512
-0.5783
-0.6516
-0.9021
-0.6633
0.8001
-0.9806
0.8235
0.5953
0.937
-0.3273
0.9317
0.1244
-0.0714
-0.7396
-0.9579
-0.9614
0.7581
-0.2878
-0.2263
-0.3297
-0.6241
0.5489
0.1428
0.8269
0.5991
-0.6005
-0.8138
0.9666
-0.9083
-0.3293
0.5739
0.4721
-0.4964
-0.5626
-0.6277
0.2483
0.584
-0.034
-0.3844
0.9439
0.1552
-0.101
-0.9288
0.888
0.7894
0.1408
-0.0105
0.9403
0.3522
-0.1303
0.963
-0.0721
0.1879
0.6969
0.9474
0.7592
0.5938
0.8517
-0.7725
-0.4204
-1.0244
0.5219
0.1751
-0.8514
-0.8616
-0.555
0.3963
1.3798
0.5093
0.9793
-0.1229
1.2958
0.891
0.3404
-0.8989
-0.1122
-0.7275
0.4806
0.2155
-0.3067
-0.3684
0.6327
0.4261
0.1638
0.2616
0.0767
0.3079
0.331
-0.1886
0.7465
-0.3727
-0.5912
0.3468
1.22
-0.368
-0.1169
0.2867
-0.5162
0.8859
-0.0788
0.3811
1.0355
0.3975
-0.2058
-0.5415
-0.8669
0.0152
0.0357
0.3413
-0.3196
0.0083
0.5534
0.0835
0.9874
0.7352
-0.4574
0.2055
-0.4654
0.1203
-0.1296
-0.2451
0.2768
0.3738
-0.0353
0.8449
0.2883
0.2512
-0.7554
0.6754
1.0579
-0.1178
-0.1726
-0.0049
0.0828
-0.3539
1.023
1.137
0.8375
-0.5519
-0.1025
-0.8636
-0.4612
-0.2561
-0.2307
-0.4089
0.2513
-0.3134
0.2617
0.8587
0.2004
0.5463
-0.2356
-0.0651
-0.5305
0.5759
0.1449
-0.8795
-0.2027
0.478
-0.2689
0.6697
0.752
0.8206
-0.8141
0.4144
0.6965
0.1849
0.1463
-0.6945
-0.6619
0.7938
-0.562
0.2163
0.7244
-0.1179
0.073
-0.4028
-0.0189
0.323
-0.6769
0.4365
-0.0141
-0.3906
1.036
0.2847
0.3682
-0.4557
0.1957
0.4099
-0.456
0.9153
-0.6606
0.4376
-0.6604
-0.266
0.4899
0.3677
0.4782
-0.4149
0.3393
1.3494
-0.837
1.3027
-0.2777
-0.5833
-0.804
-0.123
1.0892
-0.1184
-0.2844
-0.3775
0.7659
1.7711
0.2467
-1.5109
0.3521
-0.3571
0.5471
-0.5869
-1.0559
0.6797
0.4293
1.2887
0.6142
-0.4869
-0.7676
0.676
0.6127
0.9153
0.2331
-0.4875
0.5998
1.3672
0.9143
-0.1069
-1.1515
1.1624
1.1356
1.2716
0.6399
-0.2243
-0.0852
1.0474
1.0667
-0.8104
-1.1709
1.1873
0.0513
-0.1282
-0.1277
-0.6112
1.242
0.2275
0.426
-0.667
0.2466
-0.3133
0.4773
0.758
0.1918
0.7997
0.3836
0.1293
0.0613
-0.5234
0.0956
0.6851
1.1483
-0.0494
-0.3952
-0.3206
-0.1093
0.6037
-0.8152
0.6901
-0.3026
1.241
-0.0965
0.4996
-0.5954
0.4259
-0.024
0.3893
-0.7121
0.1511
0.294
0.3367
0.824
-0.9047
-0.5361
0.6876
-0.1539
0.0372
0.0402
0.0271
0.0635
0.0182
-0.2986
0.0088
0.7553
0.9643
0.4925
0.2626
0.4684
0.133
-0.1111
-0.9866
0.4746
0.0661
-0.77
0.5336
0.2781
-0.5642
0.6481
-1.0492
0.7903
0.6003
-0.4035
-1.4958
-0.232
1.4775
-0.9271
-0.6178
0.3429
-0.3125
1.4756
0.3797
0.56
-0.0265
-0.3075
-0.4074
-0.6402
0.0559
-0.1892
-0.2225
1.3402
-1.4754
-0.2345
0.7184
-0.2939
1.3682
-0.8279
-0.6986
-0.2989
-0.439
0.1722
-0.4506
-0.5094
1.3459
0.3326
0.1359
0.669
1.4465
0.2638
-0.203
-0.9442
1.2663
0.5598
-0.0861
0.1296
-0.2239
-0.4259
1.5329
1.387
0.1309
0.2153
-0.7264
1.1663
-0.0339
0.6665
0.2105
-0.8573
-0.0119
1.0359
0.1312
-1.444
-0.4659
0.6964
-0.0371
-0.6802
-0.5975
-0.4918
-0.7873
0.959
-0.1581
-0.2573
0.1453
-0.3698
1.1977
0.0318
-0.4356
0.0832
-0.7345
0.3617
0.7259
0.0964
1.2312
0.2039
0.5139
0.7569
-1.114
0.5152
0.1565
0.1208
-0.1836
0.4878
0.1077
-0.6728
0.6896
-0.717
-1.0208
-0.7095
-0.2812
-0.9639
0.7083
-1.2628
-0.0261
0.879
0.1955
0.4041
-0.1284
0.6299
-0.3984
-1.2009
0.3262
0.4357
-0.5844
-1.1347
-0.4673
0.1145
0.8975
-0.1467
-0.8023
0.3519
0.6481
1.0624
0.1146
0.99
-0.5318
-0.1541
-0.239
0.867
0.0102
0.6438
0.117
-0.211
0.3154
-1.1652
-0.2344
-0.6056
-0.5875
-0.1028
-0.8494
-0.0145
-0.1795
0.2915
-0.0141
-0.9436
-0.6525
-0.6368
0.5582
-1.0342
0.8439
0.4036
0.4004
-0.6178
0.6917
-0.0944
0.1033
-0.327
-0.7178
-1.3911
0.2987
0.3585
-0.1911
1.0398
-0.3487
0.0468
0.2514
-0.0555
0.5745
-1.0335
1.4701
-1.4368
-0.994
1.791
0.7908
1.428
-0.1335
-1.314
-1.1093
-0.8277
-0.0775
2.2787
0.6985
-0.8723
-0.5336
-0.0239
1.1281
1.1468
-0.2697
-0.6781
-0.8272
1.719
0.3359
-0.501
0.6749
0.1719
0.8743
0.1289
-0.7136
-0.3539
0.5777
1.1767
0.8262
-0.7308
0.0541
0.9481
1.0488
0.5261
-0.7197
-1.0519
0.5486
1.6407
0.1426
0.2021
-0.3712
-1.395
0.5642
0.7062
0.0257
0.1582
-1.2628
-0.182
0.5874
-0.2614
0.2773
-1.3429
-0.4396
0.5832
-2.3179
-1.3882
-0.6348
-0.1917
0.4767
-0.4017
0.4184
-0.56
-0.2977
0.5776
-0.2254
0.4946
-0.8766
-0.0293
0.9715
-1.1194
1.01
-1.2525
-1.2156
-0.3356
0.0087
0.7377
-1.0708
-0.1345
0.0678
0.9895
0.087
0.6531
-0.7684
-0.7544
-0.7527
1.2867
0.4583
-0.1264
-0.6526
0.7397
-0.4858
-0.1323
0.2289
0.1796
0.6596
0.3088
-0.3633
0.0219
-0.1649
-0.3251
-0.6988
-0.8232
-0.8407
-0.3389
-0.5289
-0.0198
0.5037
0.8141
0.5664
-0.2441
0.6601
-0.2456
-0.5593
-0.8293
1.1189
-0.2242
-0.3195
-1.0564
-0.1951
-0.0973
-0.0879
0.1058
0.5474
0.5938
0.984
-0.1206
0.7031
0.1586
-0.7059
1.6323
0.2552
-0.9461
0.3426
0.1716
0.9848
-1.1485
1.3358
-1.1122
-0.6566
1.2526
-0.6824
-0.2944
-2.0572
-1.2349
1.3617
-0.2326
-0.6704
-0.2981
0.2504
0.757
-2.6028
0.2261
-0.7334
-1.161
-3.0882
-0.3142
0.4951
2.3982
1.0939
-0.4702
0.0989
0.7476
2.071
0.0554
-1.5621
0.0486
0.3539
1.2754
0.5225
0.1108
-1.0226
-0.5458
2.4327
2.3822
-0.2731
-0.5364
-1.1355
-1.0884
1.9502
-0.4868
-0.2679
-1.1161
-0.1574
1.2221
-0.8385
-0.6142
-1.5343
-0.2539
-0.2621
-0.8296
0.597
-1.4772
0.3043
0.2838
0.0371
-0.7338
-0.7238
-0.2787
1.74
-1.0096
-0.7996
0.4834
0.1992
-0.1828
-0.9805
1.5413
-0.3776
-0.5492
-0.0326
-0.9864
0.2284
-1.2006
-0.515
1.0482
-0.4587
0.6749
-0.4573
-0.8888
-0.6757
0.2386
-0.3726
-0.173
0.522
1.0964
-0.644
0.6735
0.4
-0.5618
0.9913
-0.6981
0.6485
-0.8789
0.1236
-0.7351
-0.3133
0.3541
-0.9431
-0.8615
0.2768
0.9085
-0.1688
0.952
0.738
0.3834
-0.562
0.6464
0.0746
0.4461
0.7093
-0.0376
0.001
0.677
0.5211
0.7969
-0.0643
0.1249
0.8521
-0.0962
0.3093
-0.4563
-0.927
-0.0187
0.5906
0.931
0.5174
1.1501
-0.2654
-0.7373
-1.2544
0.6437
0.5376
-1.4643
-0.4192
0.486
1.6533
2.0468
-1.3482
-0.4762
-2.0328
3.2555
0.4535
0.566
-0.6173
-1.655
2.3179
1.3875
-0.675
-0.9798
-1.2651
3.2211
0.3413
0.4508
0.5111
-1.2661
0.07
1.1929
1.9025
1.3969
-2.9811
1.2612
0.5234
1.8137
0.8198
-1.0756
-0.311
-0.5443
1.8509
3.0132
0.7128
1.6604
1.0076
0.0838
1.4182
0.0735
-1.8446
-0.1557
-3.2577
1.3219
2.7495
-3.2149
-2.0346
0.1642
2.5502
1.8384
-2.6001
-1.3292
-2.0511
0.7074
2.6329
-0.4694
1.2733
-1.0809
-1.1463
0.0801
1.3278
1.5256
-1.32
-1.1809
-0.0597
-0.6304
0.0982
-1.4757
0.2961
1.7496
-0.2472
1.0952
-0.4834
-0.0483
1.8193
-0.4503
1.5442
-0.959
-0.4561
1.0169
0.233
-0.6895
-0.5252
-0.4353
-0.7104
0.5629
-0.8255
0.6036
-0.7749
-0.6928
-0.3154
0.8036
-0.4488
0.5458
-0.1209
-0.7319
-0.6337
-0.2265
-0.9289
-0.1629
0.8495
0.1829
-0.1488
-0.287
-0.9376
-0.8606
-0.4103
0.2844
-0.4294
-0.619
0.5898
0.0212
-0.8833
0.7551
0.101
-1.0879
0.458
0.8041
-0.2656
0.6026
-1.2019
-0.2737
-0.6443
0.8979
0.0063
-1.4304
-0.4446
0.0618
-0.8186
-0.5736
0.817
-0.4714
-0.3476
-0.4538
-0.2918
1.6509
-0.0657
0.1519
-0.0755
1.3313
-0.6847
0.1066
-0.6573
-0.1451
1.1664
-0.1202
-1.3339
-1.4433
0.6835
-1.7543
2.5359
-0.359
-1.345
0.9486
0.2003
-1.1092
-3.0691
-1.0501
1.4759
-0.51
1.6824
-3.3623
1.7377
1.914
-1.1818
1.0179
-1.0833
0.3615
2.8511
-0.1367
-2.3915
0.0766
-0.2151
-0.163
-0.2286
-4.5049
-0.3337
-1.8313
-1.5819
-0.6623
-1.3939
-0.8312
-2.0028
-1.5015
0.9885
-2.2107
-2.3395
-1.8152
-0.2466
1.3633
-2.088
0.805
-1.5434
-1.0661
-0.411
-0.5398
1.5186
-0.2128
0.1713
0.4844
0.5285
0.0635
-1.9465
-1.2129
0.2066
-0.3929
-0.8137
-0.0348
-0.9244
0.4625
0.3409
-0.3657
-1.2555
-0.4044
1.0205
1.0276
0.911
-2.1564
0.7981
-0.1098
-0.6197
-0.5882
-0.7539
0.3014
0.0633
-0.6329
-0.1647
-0.0908
0.2871
-0.6257
-0.3348
1.0063
0.6927
-0.2574
0.039
-1.0936
-0.6997
0.8788
0.3922
-0.9377
0.1204
-0.0413
0.036
-0.8087
-0.5683
-0.5514
0.4662
-0.0594
0.2788
0.6797
-0.4947
-0.6104
0.1053
-0.4494
0.8137
0.7041
-0.7686
1.0038
0.4565
-0.3939
0.1207
0.1627
0.128
-1.3092
0.0722
-0.955
0.5077
-0.7994
0.0241
1.0749
0.1913
-0.1745
-1.8568
-0.6943
0.568
1.5058
-0.0439
-0.131
-1.2689
0.2234
1.096
-0.7963
0.3362
0.6502
-0.0651
1.8735
-0.341
1.1587
-0.1669
-0.6831
1.2173
0.3716
-2.6706
-0.6926
1.012
1.3234
-0.6688
-0.9916
-1.2244
0.6114
2.5064
-2.0885
0.751
2.4952
-1.4777
2.7699
0.0216
3.2053
-0.135
-0.9979
1.5706
-0.041
2.6575
-2.2844
-0.8888
-1.4019
-2.2842
0.3715
-1.7701
-0.3186
0.8718
-1.8435
1.2905
-0.8395
-0.3219
-0.2778
-0.2293
1.9482
-0.3707
-0.7873
0.3894
0.1571
-2.1844
-0.2996
0.7251
0.2842
0.3185
0.1091
-1.5846
1.4936
0.0661
-1.5141
0.91
-0.462
0.3555
-0.7232
0.1115
0.6868
-0.193
0.6217
1.0449
-0.0291
0.3287
0.1759
0.86
0.434
-1.2398
-0.4335
1.0242
-0.4952
-0.9389
-0.4081
-1.0897
-0.755
0.2338
-0.7528
-1.6242
0.5731
-0.6091
-0.5917
-0.5241
0.3051
-1.1231
-0.6482
1.0453
0.8051
-0.7634
0.1329
0.0528
0.9248
0.399
-0.1671
-0.5142
-0.0538
-0.9626
0.2702
-0.0656
0.446
0.6263
0.996
-0.631
0.0769
0.3442
0.4717
0.5047
-1.101
0.1111
-0.1135
0.9827
0.9173
0.6278
0.1288
1.0039
0.5066
0.2849
0.0843
0.4312
-0.7444
-1.3679
1.1248
0.4314
-0.1832
-2.6658
0.3689
-0.0414
0.4609
-0.5843
-1.8413
-0.4866
0.7231
-0.7087
0.3668
-1.2435
-1.1982
-0.4061
-0.8306
-0.0608
1.9868
0.9879
0.3562
0.5603
1.501
2.2001
0.4839
-1.7752
1.3044
0.7949
0.5528
-1.0301
0.1701
1.2434
1.8562
-0.9117
-1.4565
-1.796
1.0516
0.8571
3.1782
-1.0976
-1.5998
3.6867
0.5893
3.1148
-2.6509
-1.5441
2.3671
-0.8601
2.0679
0.5365
-0.3899
1.3315
0.403
0.1743
-1.4675
-0.5712
-2.4366
-3.7292
2.4704
-2.1866
-1.1989
-1.4483
-1.6317
-0.2487
-1.4574
0.3972
-1.0591
-0.1061
0.0339
-1.9747
-0.7245
-0.2109
0.2029
-0.0742
0.786
0.9967
1.2065
-0.247
1.738
-0.4235
-1.0437
-0.047
-0.2511
1.7257
0.4102
0.7308
-0.834
0.3824
0.2946
1.2171
0.8987
-0.9204
-1.6034
-0.4492
-0.1655
0.1007
0.1337
-0.8984
-1.0323
-0.1907
0.5673
0.2446
-0.9493
-0.7565
-0.0911
-0.731
0.5565
-0.4807
0.1036
0.8111
-0.6298
-0.8919
0.8046
0.987
-0.7499
0.5293
0.998
-0.0692
-0.5436
-0.5891
0.7029
-1.0071
0.285
-0.3232
0.0178
-0.3353
0.319
-0.5061
-0.1246
0.9797
0.6796
-1.2908
0.5837
0.0449
1.427
-0.037
-0.1679
0.4766
1.4042
0.718
0.4584
-0.5009
0.0658
0.5725
-0.251
-0.0403
-1.2229
-1.4654
0.6254
0.8034
0.1848
0.1891
-1.3281
0.4999
1.1958
0.2829
-2.4022
-0.1776
1.3166
0.8469
1.1149
-2.2219
1.1823
0.5882
0.1967
0.696
-0.9343
1.0158
-1.9457
-2.5684
2.0746
-0.3812
2.7653
-1.0094
-1.4286
1.5551
0.2753
0.9078
-2.3676
-3.6211
-0.4277
0.1152
1.9193
0.961
-3.2304
-1.9777
0.6627
4.0097
0.5512
-0.2234
-1.013
0.2728
-0.8854
0.5587
0.205
-1.3909
-3.6553
-3.4878
-1.8052
-1.9716
0.4565
-3.1853
-3.1529
-2.2961
-1.1183
-1.884
-1.2365
-3.5332
0.2241
-0.1985
-0.6299
0.5964
-1.0796
-0.3284
-0.0301
-0.7979
1.1164
-1.8272
0.5673
-0.8706
-1.0399
0.7623
-0.8596
1.1826
-1.4303
0.0528
0.3642
-1.0134
-1.2064
-0.5374
-0.7266
0.6427
-2.3719
0.4393
0.6407
0.654
-0.1025
-0.109
-0.118
0.9398
0.6965
0.5807
-1.398
0.6526
-0.2234
0.084
0.8939
-1.2883
-0.1827
-0.7218
0.5635
-0.502
-0.7912
0.9697
0.3233
-0.7049
-0.5684
1.0551
0.4391
0.55
0.7123
-0.1474
0.9479
0.9199
0.7119
-0.6878
0.0362
0.8767
-0.2559
-0.1664
0.6233
-1.2019
-0.0065
0.715
-0.0259
-0.5897
-0.178
0.7456
0.561
1.3016
0.2062
-1.0798
0.1454
0.1098
0.0023
0.2327
-0.9079
-1.7904
0.8085
-0.2833
0.8943
-1.4774
-1.9493
0.3923
-1.1645
1.776
-3.4709
-1.5085
0.4043
-0.3983
-0.0872
-1.446
-1.5992
1.0338
0.0284
0.1812
-0.977
0.551
0.8102
-0.2667
-0.7174
-0.1238
2.5275
-0.5155
-0.6316
1.2059
-1.3952
2.1537
-1.0392
0.1533
-0.7982
-2.6682
3.3051
0.6984
-1.1818
-1.7571
-1.5705
1.9693
-1.3987
0.2714
-0.0974
0.7476
1.665
-0.8884
-1.773
-0.3533
1.1659
-0.7094
-2.286
-1.2971
0.4598
-1.3928
-1.5846
-0.5396
-0.3763
-1.1611
1.4054
-2.6177
0.6904
-0.525
0.219
-0.4943
-1.4002
-1.0207
-0.7708
-0.0554
1.0724
-1.1345
-0.7212
0.0535
0.2853
-0.1863
-2.6168
-0.5188
-0.2107
0.1342
1.4021
-2.6493
0.1226
-0.0283
-0.1537
-0.3549
-1.8278
0.7496
-0.9306
-0.6507
1.0187
-1.3099
0.5117
0.551
-0.4081
0.4555
-0.1071
0.0875
-0.2061
0.6742
-0.6794
-0.2398
-0.803
-0.1747
0.3911
0.2517
0.5007
-0.7398
0.0271
0.4659
0.0773
-0.3479
-0.5122
-0.7585
1.1728
-0.9064
0.3237
-0.0438
0.7654
0.348
-0.6874
-0.4937
1.3161
-0.3162
0.2229
0.0911
-0.197
0.437
0.1701
0.8707
-0.6041
-0.3625
-0.1192
0.221
0.8045
-0.5147
1.0931
-0.7609
0.2084
1.0562
-1.6074
0.3699
0.36
-0.5739
-0.2553
-1.5346
-0.3042
-1.6193
-1.2431
-0.8161
-0.0585
-1.6559
-0.3617
0.4311
1.402
1.5026
-1.8521
-1.4859
-0.4466
0.8101
1.1847
-2.9287
-2.7788
1.4875
1.4738
-0.1899
-1.7848
-3.1708
0.5758
1.0792
-1.2366
-0.345
0.0253
1.4786
0.2692
-2.5245
-0.8637
0.7232
0.691
0.9413
-0.3276
0.1818
-0.8766
-1.6151
1.6719
0.8329
3.2154
-1.2479
-0.3993
2.7518
0.1991
3.0293
-1.724
0.7905
1.2622
1.2114
-0.8052
0.2409
-0.433
0.7818
0.1407
2.2617
0.7851
-0.2755
0.3421
0.2623
1.9784
0.4661
0.9117
-0.5289
0.5509
-0.7153
-0.537
-0.4136
-0.6108
0.0308
-0.4755
1.1188
0.1705
-0.1137
1.024
0.542
-0.5794
-0.5334
-0.1817
0.1018
-1.203
-0.1532
-0.6435
-0.5588
0.7775
-0.8933
-1.1048
-0.1218
0.0628
1.1191
-0.3913
0.8549
1.0303
-0.7828
0.2338
-0.3546
0.5591
-0.8233
-0.83
-0.28
0.0411
-0.7846
-0.559
-0.7504
0.626
0.1432
-0.8759
0.8706
1.0405
-0.3641
0.6037
-0.5018
-0.0168
-0.6482
0.3093
-0.7966
-0.522
0.5381
-0.3041
-0.3566
0.4052
0.5087
0.5166
0.1738
-1.0497
0.4761
0.156
1.0432
1.3225
-0.6905
1.4094
0.6332
-0.6227
1.4531
0.2051
-0.5839
-1.1349
0.5344
-1.1077
-1.2174
-1.0039
0.0456
1.1021
-1.6795
0.3269
-0.1624
-4.6567
0.881
1.0524
0.5526
-0.7489
-1.7616
-0.6407
0.448
1.1431
0.2742
-2.7966
-0.1799
-0.165
-0.2008
-0.0721
2.6898
1.9043
-1.1123
-1.2486
-1.076
1.4287
0.0326
-0.173
-0.2037
0.8558
3.3503
0.6181
-0.6152
1.134
2.4905
3.7922
0.8065
-1.295
2.1525
3.4772
-0.0964
0.16
0.8453
-0.0059
3.2039
1.1863
-1.8823
0.7016
2.19
2.3906
-0.9993
-0.7457
3.1822
0.2513
2.7876
0.9569
0.4214
0.2229
0.8004
2.6818
1.2429
0.6463
0.6015
1.7533
0.9721
-0.2596
0.3573
0.3772
-0.4611
1.1379
0.3834
-0.1923
-0.7218
1.04
-0.1151
1.0415
-0.0742
-0.6818
0.6903
0.6696
0.3177
0.3167
-0.6474
-0.8259
-1.2276
-0.818
-0.0883
0.393
-0.8207
0.367
-0.5791
1.0085
0.6483
0.1641
-0.8237
-0.1148
0.9792
0.169
0.9441
0.2777
0.1575
-0.0099
0.636
0.1709
-0.8274
-0.5686
0.4767
0.7506
-0.9791
-0.1317
-0.2958
0.6769
0.2531
0.2205
-0.3167
-0.274
-0.0157
-0.0813
-0.8246
0.657
-1.5072
-1.2673
-0.4172
0.0502
-0.5821
0.0712
-0.455
0.2186
-0.3532
-1.2382
-0.4032
-0.9651
0.4709
-0.0186
-0.8017
-0.8881
-1.2818
0.5467
-1.1743
0.0346
-0.2522
-0.1724
-0.5696
0.9203
-1.848
-2.3441
-1.838
-1.6618
0.293
-1.5016
-0.6629
-0.7476
-0.8049
0.5768
-1.6367
-0.4914
-0.8098
0.2752
-0.1555
-0.6535
0.2426
0.4312
-0.7154
-1.345
-1.6624
0.4098
-0.1185
-0.0036
-2.3609
-0.9993
-1.046
2.5857
0.7086
-1.2793
0.2949
-0.8252
2.3257
0.6875
-1.6675
-0.7224
-1.2829
1.9449
1.537
-1.8004
1.0209
-0.852
0.7626
1.9562
-1.1006
0.1592
-0.4002
0.3391
2.037
-0.4613
1.7067
-2.0831
0.4027
0.7948
-1.4036
2.8172
0.2693
0.8845
1.0892
-0.0166
2.3992
-1.1257
-0.4605
0.5467
-1.4198
0.6428
-0.11
0.9275
0.7043
-0.5741
0.6397
0.3599
0.9873
-0.6716
0.1216
0.5589
-0.1498
-0.5564
-1.111
0.2176
0.6175
0.0904
0.8316
0.5515
-0.4219
0.3419
-1.0787
-0.2859
-0.2209
0.2418
0.1003
-0.3344
0.2292
-0.8702
-0.3306
0.1445
-0.5474
0.7342
-0.812
0.2798
-0.8991
-0.5399
-0.1447
-0.467
-0.3395
0.4097
-0.8339
-0.3902
-0.7688
0.5609
0.6202
-0.2143
0.7012
-0.1219
0.8446
-0.1215
-0.1418
-0.01
0.514
0.0686
-0.7634
-1.0052
-1.7677
-0.26
0.1034
-1.9524
-0.9235
-1.4148
-0.6852
0.8426
0.2964
-0.9022
-1.4559
0.3636
2.2384
-0.4991
-0.0686
-1.4903
-1.24
0.9682
-2.201
1.1239
-0.6702
-0.1907
0.8438
-2.0351
1.283
-2.2969
-0.8141
2.9056
-0.3354
0.1593
-1.1935
-0.4568
0.7336
-2.8024
1.1631
0.1844
-1.3337
-0.7713
-1.2639
0.5053
0.7095
-0.5597
0.0765
-1.4039
0.6251
0.7497
0.4147
-0.7078
-1.2593
-1.3939
2.7913
0.1903
-0.6381
0.8506
0.8776
0.8524
-0.5119
-1.1993
1.2704
-0.216
-1.3137
-0.1854
-0.3704
0.8988
-0.9369
-1.0646
0.9869
-0.7291
0.8969
-1.8444
1.3018
1.5629
-0.1189
1.6364
-1.2668
0.3377
1.3074
-0.4388
0.7722
-0.6478
-0.1377
0.709
-0.0897
1.2501
0.2166
0.0754
0.2271
-0.2204
2.0468
-0.0763
-0.1469
0.9778
-1.7298
0.8232
-0.0844
-0.5529
0.2242
0.5955
-0.7575
0.2102
-0.6995
0.6489
-1.0578
-0.2746
-0.7281
0.9123
0.8718
-0.5442
0.9418
-0.4385
0.6697
-0.5371
0.9429
-0.4416
0.4835
0.4505
-0.1004
0.6538
-0.2423
0.7992
-0.7621
-0.1305
0.5796
0.2084
0.8666
0.1549
0.0622
0.6715
-0.7191
-0.9792
-1.5237
0.5297
0.2678
-1.1598
-0.3426
0.0841
0.2373
-0.5449
0.1525
-0.4185
-0.0576
0.7279
-0.3526
0.1095
0.4501
0.1563
-1.1641
-0.4353
-1.6096
-0.1115
-0.8651
0.5861
1.4669
-0.2091
1.372
0.3458
-0.577
0.4991
-0.6795
2.6086
-0.7912
-1.0952
0.705
0.7592
2.8538
-0.1792
-0.8387
0.3743
0.7157
1.7443
0.8545
-1.2887
-0.8281
1.2162
0.7316
-0.3
-1.1193
-0.3499
-0.4961
1.1301
2.0257
0.1416
-0.1399
-0.3624
0.2703
0.1817
-2.1201
-0.4405
0.2811
0.7938
-0.2407
-0.6195
0.4208
-0.0982
-0.3754
-0.3465
0.663
0.4267
0.057
-1.3532
-0.1193
0.7041
-0.6325
-0.3796
-0.9599
0.3137
0.184
-1.1647
0.5645
-0.1373
0.4318
-0.0343
-0.687
0.1064
-0.5538
0.5129
0.7697
-0.6751
-1.4545
-2.974
-0.9879
0.3972
-1.3788
0.2089
-0.9208
-0.8666
0.9192
-1.0382
1.6402
-1.869
-0.237
-0.5838
-0.1836
0.3853
-1.2897
0.6064
-0.2198
-0.8292
-0.761
-0.4699
-0.9131
-0.3376
0.8074
-0.3145
0.0286
0.3226
-0.3546
-0.1983
0.3731
-0.3402
0.6211
0.6319
0.4737
-0.9286
0.3815
0.2614
-0.9452
0.7194
-0.327
0.9015
0.5472
0.4749
0.3226
0.7388
-0.6692
-0.8919
1.0447
-0.2419
0.8147
-0.8021
-0.3523
0.2078
0.0849
-0.804
0.2576
0.6937
-0.5845
1.1836
-0.1403
1.2717
0.6329
0.3718
-0.1015
-0.3341
0.7868
-0.8054
0.3302
1.173
-0.4605
-0.2565
-0.2304
1.1957
0.6664
-0.3456
1.3363
0.0905
0.6276
1.8349
1.8334
2.2594
-0.2423
-1.8664
0.9612
1.8476
3.1999
0.5938
-0.5859
0.0535
1.4785
3.6606
1.0496
-1.33
-0.3621
2.3125
2.1037
0.1186
-1.7177
0.5005
0.2232
0.3387
0.6826
-1.4605
0.0932
0.7858
0.5801
-0.3115
-0.5015
0.499
0.5633
0.3583
0.6548
-0.928
-0.1607
0.4454
0.6913
0.358
-0.7047
-0.8487
0.1425
0.8546
-0.2107
-0.4809
-0.9578
-0.5245
-0.2172
0.7726
-1.1939
-0.9897
-0.6916
1.1395
-0.8085
-0.8417
-0.2697
-0.3109
0.1347
-0.1253
0.9402
-1.7898
0.2774
0.0836
0.2046
-0.269
-1.5171
0.224
-1.4357
-0.7695
0.7226
-0.1855
-0.0033
-0.2401
-1.4034
0.0016
-1.0658
0.3627
0.2701
0.52
0.6738
-0.6208
0.3841
-0.7825
-0.9611
0.5987
-0.5223
-0.0969
0.6576
-0.1148
0.213
0.943
0.2343
0.7891
-0.6126
0.6051
-0.7879
0.8409
0.3659
0.6221
-0.5683
0.451
-0.5419
0.5825
-0.9016
0.1841
0.1288
-0.354
0.0164
0.4629
-0.5224
0.0903
0.2038
-0.2814
-0.4811
0.9078
1.3241
0.8996
2.2336
-0.5345
0.7228
0.9403
-0.3434
1.3673
0.4594
-0.5457
-0.1387
0.8773
-0.213
-0.0162
-0.4706
1.1135
-0.2604
-0.0936
-1.0084
0.3438
0.3387
-0.0295
0.2721
-0.4368
-0.8468
-0.3867
0.0821
0.2165
-0.6888
-0.5916
0.1804
0.1823
0.7262
0.6317
-0.4543
0.1604
0.2368
1.6888
-0.0422
0.7028
1.3351
0.0582
-0.268
-0.1759
0.3099
0.9166
0.9891
1.0373
0.4111
0.7124
1.4301
1.1026
0.5719
0.9759
0.1167
-0.3249
0.9475
-0.314
1.1913
-0.6897
0.5339
0.8575
1.1014
0.2913
-0.4737
1.31
-0.1302
1.2537
0.4336
-0.4372
0.4231
-0.951
0.5917
0.2407
-0.3665
1.3025
0.0194
-0.1204
-0.0742
-0.3729
0.3393
-0.5048
-1.2506
-0.1966
-0.0981
-0.5806
0.6297
-1.1624
-1.1809
0.3065
-0.1722
-0.2018
-1.1538
0.038
-0.0158
-0.4307
0.3224
-0.2813
-0.6093
0.3519
0.2454
-0.3195
0.1621
0.6241
-0.4717
-0.9649
-0.4498
-0.0286
-0.1274
0.9053
0.4449
1.4049
-0.9393
0.2502
0.2107
-0.2383
-0.0815
0.773
0.279
0.163
0.7004
0.9915
0.9275
0.1939
-0.8805
0.8338
0.7766
-0.0879
0.5706
-0.8673
1.051
0.1303
0.0449
-0.91
-0.3988
1.0663
0.3206
-0.1186
0.6365
0.6074
0.9089
0.9132
1.6721
-0.0685
-0.677
0.3427
0.5082
0.1331
-0.0112
-0.7655
0.471
-0.272
0.073
0.5135
-0.2426
-0.0713
-0.6063
0.2421
0.9324
0.5414
-0.1106
1.0452
1.8897
0.1045
-0.8598
-0.031
0.0123
1.6587
1.3965
0.3615
-0.4719
-0.2028
0.2849
1.5275
-0.0067
-0.3119
-0.2659
1.3611
0.7693
-0.6743
-0.2969
0.5559
0.7099
0.1545
-0.9285
-0.7874
0.8105
1.3309
0.2723
0.3113
0.6703
-0.0357
-0.0129
0.5628
0.3074
0.8031
-0.141
1.2581
1.0094
0.7302
1.0107
-0.7005
0.8738
0.6286
0.4983
-0.3273
-0.013
-0.526
0.9642
0.0083
1.2566
0.3455
0.6798
0.307
-0.1865
0.8003
-0.4123
0.658
-0.4172
0.1846
-0.8423
-0.607
0.3874
0.6363
-0.5564
0.7682
0.693
-0.4636
0.5164
0.3394
0.1333
-0.8791
-0.5396
-0.3309
-0.7155
1.0294
-0.2943
0.2409
0.3521
0.3173
1.0307
0.6237
-0.1933
0.0037
0.1832
-0.5768
0.526
-0.4
0.4357
0.8223
-0.2599
-0.1375
-0.6912
0.7731
0.549
0.9575
-0.0584
-0.3723
-0.1569
-0.8245
-0.3275
-0.1944
-0.3739
0.3504
-0.1565
-0.3838
-0.9288
-0.5674
-0.4998
0.4511
1.122
-0.0486
0.0388
-0.1658
0.4406
0.7308
0.8878
-0.3466
-0.2556
0.7786
0.8825
-0.4063
0.0194
0.7027
-0.5033
0.7634
0.1942
0.5933
0.7215
-0.5541
0.5275
-0.0455
-0.1479
0.0924
0.9474
-0.831
0.3453
0.4012
0.907
0.3488
-0.4967
0.3861
0.1172
-0.1719
-0.235
0.3993
0.7677
1.1663
1.0973
0.1111
0.4978
-0.5123
1.8043
0.277
0.0782
-0.5202
1.0644
0.9163
0.5312
-0.5402
0.1041
1.3639
1.592
0.7647
0.2476
-0.6422
0.1712
0.3293
0.1298
0.1598
-0.7265
-0.7261
0.5618
-0.589
-0.717
-0.5023
-0.1943
0.0929
-0.2571
0.9174
-0.2701
0.8375
-0.3707
0.898
0.4185
-0.1889
0.665
0.3952
0.482
-0.1645
-0.9827
0.7666
0.4192
0.3626
-0.2168
-0.3472
0.9101
0.4646
-0.6684
0.1608
0.2712
0.8863
0.4037
-0.1678
0.4672
-0.5279
0.3369
-0.8764
0.5063
-0.2622
-0.1828
-0.726
0.9573
0.6124
0.8214
0.3418
0.4156
0.4893
-0.2859
0.338
-0.3722
-0.0962
0.8348
0.9483
0.5408
0.8724
0.8246
-0.2847
0.3343
0.7088
0.4286
0.3371
0.7288
0.291
-0.1083
-0.5656
0.8862
-0.6556
-0.0111
0.7011
-0.8789
0.6139
-0.5032
-0.345
-0.8505
-0.5561
-0.7971
-0.9101
-0.7037
0.164
0.479
0.3152
-0.1599
-0.6549
-0.7124
0.5947
0.0307
0.1018
0.9456
0.0323
0.3964
-0.0567
-0.2743
1.0342
0.2985
-0.8287
0.2207
0.6287
-0.3396
-0.3906
-0.5936
1.0143
-0.4072
-0.2435
-0.3366
-0.2303
0.7796
0.6491
-0.6248
0.242
-0.1848
0.404
0.0715
0.0912
1.0146
0.5811
0.4103
0.8675
-0.1637
-0.0548
0.537
0.7281
-0.0627
0.4734
-0.2671
0.3509
-0.43
1.0923
-0.1774
0.4151
0.638
0.0147
-0.5331
1.14
0.4397
0.4143
0.3331
-0.5714
-0.3277
-0.0972
0.4896
0.0794
0.7023
0.4193
0.7117
0.401
0.9795
-0.8607
-0.8858
0.377
-0.6162
-0.0623
-0.3598
0.1542
-0.0666
0.8281
-0.925
-0.447
0.8217
-0.5361
-0.2482
-0.0943
0.3671
0.6463
-0.2298
-0.1287
0.3332
-0.0301
0.813
0.5868
-0.1791
0.2311
-0.0891
-0.2279
0.5861
-0.2816
-0.0645
-0.0667
-0.0237
0.1094
0.4005
-0.3296
0.1449
0.19
-0.7511
0.0347
0.2559
-0.7195
-0.8918
-0.0062
-0.5217
0.2378
-0.9122
0.9072
0.1568
-0.6555
0.1073
-0.3199
-0.1195
0.2572
0.3793
-0.9716
-0.0238
-0.5393
-0.2749
0.616
0.2178
0.4072
0.5402
-0.9455
-0.8313
-0.2988
0.2276
-0.0716
0.9981
0.4852
-0.5164
-0.7755
0.2268
-0.1099
-0.2973
0.8613
0.559
-0.2176
0.1692
0.4447
-0.1149
0.4475
-0.7183
0.1926
-0.8494
0.7935
0.9785
0.9471
-0.2415
-0.351
-0.0613
-0.655
-0.3582
0.5007
0.1812
0.8336
0.5621
0.8302
-0.981
0.7409
-0.4684
-0.1752
0.9931
0.05
0.992
0.043
0.1585
0.4004
-0.106
-0.512
-0.5148
0.9407
0.5397
-0.8597
-0.5567
-0.0183
0.6628
0.8664
0.5773
0.8849
-0.27
0.2923
-0.4897
-0.8183
-0.932
0.88
0.2611
0.8394
-0.2087
-0.1165
-0.3937
0.4339
-0.3592
-0.5586
-0.4936
-0.1546
0.6276
-0.1359
0.1867
-0.094
-0.4206
0.5596
0.2574
0.371
-0.8941
0.3998
0.7062
-0.9867
-0.4405
-0.6327
0.0972
-0.2085
-0.4004
0.4744
-0.4101
0.8215
0.2073
0.8745
-0.2352
-0.3545
-0.567
-0.3803
-0.2538
-0.7495
-0.1946
-0.7174
0.6966
0.5547
-0.8618
-0.638
0.5401
0.8244
-0.0359
0.0827
0.2498
-0.258
-0.8555
0.3633
0.403
-0.5063
0.0118
0.7679
-0.6413
-0.3407
-0.526
-0.3927
-0.0294
-0.5179
-0.7156
-0.6279
0.877
-0.5981
0.2392
0.2635
0.621
-0.0325
0.2199
0.9006
0.26
-0.5992
0.8386
-0.6792
0.9303
-0.145
0.0097
-0.3342
0.7986
0.1333
-0.3845
0.7427
0.3452
-0.0066
-0.0073
-0.7676
-0.9765
0.3663
0.0307
0.3163
-0.6642
-0.7186
-0.4559
0.2452
0.3249
-0.2725
-0.3565
0.8083
0.0978
-0.0625
0.5426
-0.2073
0.494
0.7054
0.8304
0.508
0.8867
0.3394
0.5632
-0.9028
-0.1148
0.5919
0.1585
0.7868
-0.2703
0.5284
-0.8009
-0.133
-0.4002
-0.6294
-0.2279
-0.2603
0.2484
-0.3063
0.299
-0.6395
-0.3154
0.3945
-0.699
-0.7315
0.6553
0.8533
0.1503
0.7549
-0.4451
0.0859
-0.3217
-0.7693
-0.1709
0.4112
-0.4245
-0.6157
0.4468
-0.3278
-0.4099
0.48
-0.5591
0.2801
-0.6849
0.7898
0.4033
-0.1394
-0.6641
-0.9823
0.1769
0.2348
-0.7531
0.8518
-0.3269
-0.0467
-0.2058
-0.1663
0.1264
0.7028
0.5518
0.5232
0.9312
0.9801
0.3567
0.1668
-0.4911
-0.01
0.652
0.8902
-0.7224
-0.8081
0.1955
0.4284
0.3933
0.6288
-0.4689
0.177
0.2151
0.72
0.8788
-0.4197
-0.8559
0.7695
0.7248
0.4633
0.6822
-0.2564
-0.2855
-0.5003
0.0886
-0.7523
-0.5189
0.6592
0.0346
-0.9019
-0.3591
0.0811
-0.213
0.186
-0.5288
-0.7704
0.3665
0.8671
0.7027
-0.947
-0.2334
-0.4009
0.4642
0.576
-0.0836
-0.9782
-0.118
-0.0379
0.5431
0.2733
-0.0473
0.5946
0.1309
0.7543
0.7099
-0.0201
0.9107
0.9589
0.0311
0.1632
0.6721
0.6457
-0.0601
-0.5117
0.8715
0.9487
-1.0005
-0.7267
0.1471
-0.6423
0.4973
-0.6213
0.007
-0.3693
-0.6954
0.9062
-0.0581
0.6412
0.5663
-0.0761
0.8608
0.9304
0.3439
-0.2236
0.393
0.9193
0.0473
0.4245
0.3896
-0.0676
0.1308
-0.433
-0.1806
-0.9858
-0.141
-0.6864
0.9962
-0.8605
0.9885
-0.4651
0.9731
0.6098
0.3156
-0.2002
0.0061
-0.4539
-0.8354
0.6248
0.6197
-0.5216
-0.414
0.2159
-0.4902
-0.8629
-0.6869
-0.0947
-0.6843
-0.0868
0.8998
0.4985
0.5511
0.9528
-0.7235
-0.8913
0.9131
0.8509
-0.451
-0.2992
0.223
0.5368
0.3274
-0.5185
-0.5052
0.1159
-0.3151
0.1206
-0.6341
-0.7023
-0.8556
0.0863
0.3688
-0.2987
-0.5665
-0.8575
-0.4026
0.6728
0.2203
0.8983
0.1778
-0.5323
0.6832
-0.6669
0.9715
-0.3429
-0.6027
-0.6375
0.1561
0.0258
0.5967
-0.7317
-0.4255
0.8992
0.5473
-0.1238
0.2127
0.6633
0.4291
0.2168
-0.1614
-0.7959
0.2592
0.7167
0.4896
-0.3781
0.3231
0.5101
0.0723
-0.1342
-0.6016
-0.2552
0.9728
-0.6213
0.8134
-0.2413
0.4724
-0.567
0.9791
0.5205
