-0.2994237820540909
-0.6751978962379485
2.1643031338594985
-1.292394254312176
-1.219736967715251
6.902613164723066
-0.36486992434165805
-2.4416410447127035
-0.3906626647044979
-0.7797428266017057
-0.35958101123689123
-0.3631127406629257
-2.5348092339903583
-0.38584670108136065
6.0606523849763905
-0.623549965890075
5.730186167664501
-1.6495128351769606
-0.7429132003655976
-1.1278991832421585
-6.834275880504453
-6.081232895721724
3.925482729418366
6.511658926458572
-0.42101566327170775
